0.076176413137
0.035599140641
0.000371646109
0.015998180853
0.007512517913
0.019221345882
0.007222774634
0.009646672778
0.011141723372
0.027247921586
0.005392968837
0.005278044144
0.000126133616
0.007321080774
0.026779068506
0.020875598618
0.028565039529
0.022750150169
0.006551339154
0.000002286776
0.023019159517
0.010992055536
0.029769781255
0.002654503348
0.006982018238
0.002593957109
0.001902736069
0.000328821956
0.002955271836
0.004844542962
0.004116507483
0.013504521829
0.025395411920
0.013753911346
0.014186328840
0.004777040265
0.013543170588
0.014796143949
0.003841323316
0.009796853982
0.008972950486
0.000246314531
0.004210466374
0.000126193654
0.033080925540
0.030123808780
0.011053287749
0.014569186812
0.011213286352
0.006522534118
0.002448509146
0.004266319534
0.013299609125
0.004963949209
0.009677658353
0.003119146685
0.002709678721
0.002084208568
0.000327242694
0.004843735163
0.003045878255
0.010282862188
0.002581930147
0.001213963127
0.001718780630
0.032234070991
0.010962563699
0.009216089055
0.005503460108
0.008287895048
0.011925032572
0.018598069014
0.003480056983
0.001892012687
0.003368104263
0.026803797624
0.014084881440
0.028934843957
0.021953352380
0.011494916920
0.002933592945
0.000180857530
0.001987101792
0.004571682118
0.001678969803
0.003731241656
0.000900428986
0.004951340383
0.015727275971
0.018776933305
0.023404408011
0.011951493988
0.009234779957
0.017010770322
0.002873181716
0.000502448045
0.000510762414
0.010965184078
0.004679946952
0.016795491666
0.000839260377
0.003331623536
0.026382609226
0.013252728615
0.010608605558
0.009990370681
0.014727266768
0.019188455897
0.011186131158
0.000955428151
0.002003953292
0.000643370305
0.013184281547
0.000061283026
0.001432029232
0.052488836208
0.000344114716
0.025663271819
0.021849728879
0.008051984176
0.010483467965
0.034190120409
0.026652452369
0.006075220121
0.005780084051
0.000255076217
0.030554507038
0.010649766460
0.015629400097
0.019594035940
0.015169819427
0.002648930317
0.012232983147
0.002750063142
0.001505536886
0.003646728825
0.003419388600
0.000662403517
0.000406762647
0.009118816414
0.013563100872
0.011167699034
0.040834501512
0.006888960437
0.008177050736
0.026390130350
0.011600394709
0.010105101202
0.013680067421
0.006430607765
0.000064968376
0.000680474745
0.036283799170
0.005513409550
0.030273374627
0.000381904169
0.014498475091
0.003143110493
0.009422692854
0.009372884643
0.012257642843
0.001842740226
0.000077290535
0.000705371917
0.007322911563
0.000607746159
0.002690270221
0.000291007862
0.003924017840
0.031762602096
0.039511729422
0.045565609929
0.007589196403
0.010032716049
0.019516704486
0.001424738414
0.012017465404
0.014693298635
0.001885532891
0.009467022529
0.000090844822
0.028182083453
0.011558013738
0.012122775828
0.009860585245
0.008726348799
0.001411496522
0.015246009858
0.009786478179
0.018609017902
0.028026290629
0.014928430089
0.015245007555
0.002261023487
0.005833122935
0.010943765761
0.001477644942
0.001577041462
0.032090354099
0.030807385268
0.020212985358
0.045593951694
0.018507895892
0.001250053415
0.010713720386
0.006615978621
0.016961001075
0.013342947377
0.001026430476
0.003877243699
0.001452005505
0.001694846084
0.000333093323
0.035373474736
0.011956990985
0.025563166021
0.032784893307
0.001580857721
0.002543841841
0.003200968281
0.000264072235
0.026502945290
0.010984227995
0.006703558468
0.047102202702
0.035727308591
0.018576886593
0.036423298301
0.001100447656
0.003541515018
0.000976454779
0.000662237276
0.011706253233
0.000338967399
0.004040741872
0.023126281324
0.020710381258
0.015053603708
0.019429458608
0.009200133829
0.026103593669
0.010412128633
0.002454824198
0.017610357984
0.009456834467
0.002011143600
0.006896744907
0.000417902160
0.000914663446
0.000515170177
0.026453564099
0.066550060015
0.042443664791
0.048255795238
0.023322705636
0.017807106708
0.020838696287
0.020190691357
0.022010650900
0.010921000930
0.019550247419
0.028926098629
0.010281750233
0.015260423932
0.007932581157
0.006888750066
0.005580062601
0.008541085767
0.034277419669
0.016152655556
0.003883148644
0.023492381937
0.007258136808
0.024922663159
0.009768847570
0.006800455826
0.050251573944
0.000974509815
0.005972467112
0.019232744881
0.007461790041
0.033231472404
0.017753931547
0.004656915865
0.000645739883
0.023607230687
0.012709831630
0.009446684586
0.012119255780
0.016146753670
0.010313321977
0.002372829847
0.003420977059
0.001250629084
0.034672765194
0.019011326819
0.013466012650
0.017130939705
0.009277163904
0.005232224734
0.016005778188
0.002366217091
0.010837095845
0.003938846463
0.000649109718
0.000229410832
0.000278015450
0.005668716939
0.024513630448
0.036111081039
0.013054787074
0.010592537682
0.009071807780
0.012732649517
0.003469970756
0.005126265804
0.015850154474
0.014198559235
0.009136731589
0.009210779944
0.007350512619
0.006662773108
0.000277360353
0.036934421730
0.052495027954
0.007803748541
0.029560845549
0.019717963501
0.000009331172
0.013837599270
0.001578657440
0.003723406386
0.000250419894
0.022234762304
0.000517606023
0.002889552039
0.035215187297
0.033318346496
0.010045829118
0.002242480545
0.011797016047
0.000534833019
0.003523276306
0.008089129304
0.008448893912
0.003041225949
0.003216386890
0.020736294702
0.018698483466
0.007452419787
0.021285305999
0.002554342351
0.000721526387
0.000253509544
0.025206118624
0.037396069549
0.045115913493
0.011018158959
0.016331849497
0.004102388939
0.027761463572
0.017325763820
0.027806750327
0.002630850170
0.002191544630
0.000038574398
0.000141293587
0.023187732427
0.004223104813
0.001018599298
0.000654343342
0.004801470822
0.000288583765
0.040076970951
0.026661376174
0.018219274057
0.008184246527
0.006945094777
0.000473488484
0.002798519488
0.007960519063
0.013750515118
0.013316988956
0.000025555357
0.001224278873
0.017896710278
0.029592331466
0.031137972758
0.024769266902
0.011295688504
0.002815910968
0.029994576732
0.016610072750
0.003779071453
0.001152503474
0.000846990794
0.000248726202
0.000014236102
0.031899836746
0.030803419624
0.011123040872
0.016905503845
0.009030017329
0.000427397048
0.004034388286
0.000895331651
0.006062238897
0.000088314005
0.000146899972
0.003010058198
0.003750574772
0.025718445910
0.029637541424
0.030260619208
0.003303478080
0.008804262729
0.003821606168
0.002525303606
0.021178472310
0.043828601946
0.032808549310
0.016655472654
0.007155703009
0.001496616938
0.000000240036
0.029006403259
0.009516168879
0.031574046749
0.024247511696
0.012575715386
0.010796532511
0.000099503726
0.004095892759
0.000126557063
0.000376215263
0.008199548182
0.001065968936
0.001674619657
0.001424201403
0.005707545052
0.028985751710
0.050736264711
0.013332819316
0.012641875844
0.022850809776
0.014417468623
0.006238077299
0.015358204745
0.012321744867
0.000431078287
0.003466316735
0.002772004909
0.006788412379
0.001184879173
0.000007601539
0.031972319017
0.033019538601
0.024316539941
0.005040010303
0.010193261877
0.007500446749
0.007626509680
0.003435239122
0.007080541919
0.000848134424
0.000116231368
0.001258632502
0.048534705356
0.038034326805
0.027060753233
0.003796147576
0.006470521577
0.002077546523
0.033238896609
0.005980620707
0.003885772041
0.001766002214
0.003428333262
0.002869450192
0.007368989925
0.000003612463
0.036094193431
0.011232738605
0.011234793072
0.011224286808
0.024195901999
0.006581519889
0.006014401417
0.009056974739
0.000502221749
0.007915508901
0.000514920422
0.000087177824
0.004745213292
0.000000254285
0.025667528077
0.022223497179
0.029077279004
0.006636289219
0.005325062365
0.010917763360
0.000168264422
0.004183382486
0.000823209310
0.033032497750
0.019529913371
0.023792841350
0.002751416387
0.000393401078
0.002068484014
0.008022461832
0.001573610317
0.005917799186
0.018476916375
0.000217033413
0.004126810149
0.006215334005
0.028445336270
0.008327098280
0.016077742361
0.011969807209
0.015602797483
0.000195294954
0.002805917810
0.001384966717
0.039844512005
0.001103306622
0.029625362276
0.017481980898
0.027353612388
0.009946529250
0.000992182734
0.000343761016
0.011769756590
0.000014822470
0.011461150229
0.035414797236
0.041823053133
0.021138838455
0.001583569647
0.000400328594
0.020735833004
0.026255966140
0.010479217637
0.035000567168
0.031419556956
0.023215527503
0.006714844946
0.006685163385
0.003020635647
0.000793260108
0.000274442329
0.000029398892
0.002196522354
0.027148043653
0.023066228501
0.029071756015
0.012681382279
0.003854061748
0.008513168325
0.020678420100
0.006204384811
0.001713231722
0.009261019027
0.000121931258
0.006403454624
0.010244043120
0.002052687454
0.004154588779
0.063434340060
0.000000765488
0.013902703674
0.026026101842
0.029249733789
0.009129883859
0.005250757475
0.001544797516
0.000148978487
0.004879767765
0.007270492779
0.012541595194
0.027060722761
0.007233099786
0.016555236620
0.010820820814
0.003037003792
0.001667321736
0.006553668682
0.002183806262
0.003876474119
0.010601835209
0.009889723657
0.015228893210
0.001896069087
0.013120862257
0.000002163922
0.000013787210
0.030189494045
0.026792459052
0.006938682612
0.019786441851
0.000269327012
0.005098097742
0.009767164068
0.030067762330
0.032882191317
0.019265988365
0.006103720787
0.005406125584
0.004720342014
0.008224972124
0.000381573566
0.000000693894
0.000135318983
0.004010491131
0.003954041095
0.002845669527
0.002143134883
0.037519623120
0.013460395043
0.007522802754
0.020881150950
0.008309768462
0.001510286807
0.007495068882
0.000937213205
0.006568994309
0.057957421698
0.015065874785
0.013594176558
0.022559611609
0.022710120645
0.015413967725
0.011944189640
0.012067218626
0.027582575561
0.003098810083
0.003795589729
0.018762144989
0.011860836597
0.056856380589
0.007704042152
0.006395022391
0.005480615643
0.016717505178
0.013688435043
0.010393975908
0.000639727023
0.001675294904
0.006111281637
0.014426092155
0.029085361996
0.007907001323
0.004567103841
0.011212242132
0.001277392133
0.004490363334
0.006420454841
0.021581485589
0.000542505249
0.023284759612
0.015190270123
0.005545536383
0.008714526512
0.005669021325
0.008844585962
0.064960139177
0.019509347575
0.041003377921
0.026258698492
0.007240461807
0.012391359100
0.000691945460
0.002286069311
0.000744963847
0.003010516391
0.004950510442
0.008834415768
0.004108499697
0.013448705645
0.020965564466
0.025498686891
0.006050280007
0.008382848688
0.029794405335
0.009076812087
0.022855508687
0.012732388725
0.022120564529
0.013841068939
0.018002684178
0.000175795966
0.026610717719
0.002565842474
0.002040517882
0.041403476627
0.032668182496
0.003354187054
0.023487504615
0.004934202509
0.012716571574
0.000744084923
0.012101473328
0.004551039833
0.004549628352
0.000602637577
0.034588810611
0.017065207110
0.010401346625
0.004562599894
0.001706040634
0.001087016303
0.004462484207
0.018662161936
0.002072122907
0.005263175768
0.000231345923
0.042951541256
0.020014138093
0.010272936227
0.008882645503
0.028547193748
0.019059428737
0.005312904554
0.003006341958
0.005720498120
0.000148145247
0.000004968850
0.043353382525
0.006357170209
0.021954177110
0.019077716912
0.008611861611
0.003177762840
0.001472010344
0.024692978169
0.024196586008
0.000012026497
0.008248409886
0.001163860541
0.007635879113
0.006016685009
0.001750707414
0.003140284018
0.006462477998
0.002151072623
0.000557237475
0.006183278129
0.002468944229
0.000090116582
0.001311851963
0.026738757983
0.023676594449
0.020421981366
0.017807222003
0.013411455095
0.048722840834
0.037628085510
0.015499145623
0.002759251458
0.012641127328
0.008210032733
0.013070721243
0.010807440705
0.002388102251
0.003962747607
0.017155965509
0.008485540410
0.020205432347
0.017329067498
0.030986523630
0.004326121229
0.005673271356
0.006393602636
0.000254808723
0.028317320625
0.046413406858
0.028374170393
0.014901874030
0.010773220562
0.002967788800
0.022007985093
0.020534248653
0.004858196935
0.004221797557
0.007420928785
0.003616730714
0.000233153827
0.017227090097
0.010050568624
0.004650336781
0.009766838662
0.003459061157
0.002191852202
0.010262095871
0.008704435976
0.000287291270
0.003882788138
0.000745725364
0.048842775067
0.006065386497
0.005966286420
0.017644380072
0.004150510148
0.002600836207
0.021241235186
0.017707727986
0.013471887620
0.006994176816
0.005568876155
0.000284481531
0.031887744205
0.025478098315
0.027109801903
0.024859431848
0.032271402190
0.004380193679
0.004855214228
0.000086271028
0.026393641454
0.029137332889
0.006669193718
0.000558607411
0.000116166520
0.043145807278
0.037094917165
0.025123922894
0.000520687949
0.000000001267
0.005842136666
0.001827456347
0.014892181243
0.009806874839
0.002760512546
0.017048067959
0.009610656279
0.015867862750
0.013555792974
0.001095458198
0.000010268392
0.004653826233
0.000109171864
0.000643696318
0.026902811618
0.030456357081
0.020292778810
0.004493078901
0.005829056810
0.004035286393
0.003148934179
0.008748370947
0.000274493972
0.045422370807
0.014720041427
0.000352087711
0.000553872558
0.021417446251
0.014920368768
0.008775603314
0.006819952133
0.003491815735
0.034760305664
0.013508609604
0.015935522737
0.037335740434
0.057830167413
0.022641032659
0.002925634866
0.000004053765
0.003414729863
0.005426803961
0.008351346834
0.002841458546
0.006331476759
0.001556824508
0.001693043856
0.001822281491
0.000317286966
0.004778257734
0.021670541517
0.016020551048
0.019215744864
0.003946704351
0.003085763058
0.004801087925
0.004105333607
0.029524002914
0.074488293542
0.042253432573
0.001386709025
0.020329292885
0.016614813252
0.005148565475
0.001162684303
0.012169021407
0.005279080487
0.006202185449
0.016097353517
0.005168545282
0.000414769162
0.034070304729
0.022220903001
0.009241843378
0.019201422957
0.030350017942
0.011982182893
0.009710996224
0.000485536454
0.004721958116
0.001144474691
0.000459235829
0.001444529356
0.001271630293
0.008483759482
0.070772769464
0.013391551097
0.028237484813
0.000596774311
0.041447462488
0.011930292733
0.000082980215
0.008847600096
0.020550571241
0.012601562108
0.037542097844
0.008612004907
0.027717523400
0.002244257876
0.003727957119
0.004633993355
0.018937188663
0.000898924047
0.034025559010
0.026603631177
0.026145518563
0.002649216306
0.012249111453
0.014248937761
0.003400052457
0.006356413906
0.008097936660
0.033106903010
0.026108412627
0.008977445386
0.005999577300
0.000353623641
0.004003544139
0.006447732699
0.001717341102
0.000485321214
0.000509419693
0.000553399414
0.002111454641
0.062223217861
0.026965481381
0.034695718618
0.026290253781
0.007118042785
0.012509048424
0.004782849017
0.000284218219
0.010813644699
0.006955591320
0.004536142181
0.006684411691
0.014100563509
0.000176571852
0.009234046893
0.003993427925
0.007405291322
0.001530025264
0.035155634754
0.026234265662
0.008627415367
0.008035611562
0.027243548245
0.017550591027
0.007006310555
0.002698326594
0.001988349621
0.009573646609
0.000230623323
0.003222367775
0.022027569327
0.008183490225
0.004744698491
0.014487940202
0.007373230351
0.010660194388
0.002387860129
0.034867384126
0.022627076703
0.000493570522
0.026828979846
0.002942758137
0.008083119393
0.007453162530
0.002611172170
0.001739197581
0.002178432649
0.004197062058
0.002594450933
0.022021836754
0.025937634906
0.019119676177
0.001398490729
0.019719976206
0.006080040749
0.007583950048
0.014345488410
0.000086183848
0.001588839518
0.009892140855
0.007774318525
0.003659314279
0.004692805930
0.001674917306
0.000003977128
0.001762116349
0.022233260346
0.034862594040
0.003504597532
0.021988969270
0.020228204446
0.039711624543
0.013075485144
0.027403242849
0.018628418596
0.000047113894
0.000277015417
0.014843957626
0.019449057005
0.077336538913
0.032201206699
0.039262979777
0.025218857306
0.012730934510
0.000000176913
0.019826084158
0.002580506750
0.021892906233
0.000152583442
0.000023143146
0.032766021707
0.003591443856
0.005307142975
0.009937968950
0.014399707289
0.013510980969
0.021769860878
0.001298651387
0.009512444779
0.006356677916
0.006646124203
0.001119093725
0.003367510417
0.025077699445
0.001861367389
0.021506220055
0.045866255989
0.019020723508
0.001845793950
0.002966193946
0.001282705516
0.001794185991
0.028756476334
0.023881899512
0.007991351198
0.001682053403
0.013674979531
0.001018899276
0.004870371603
0.004535046392
0.000489692682
0.030597872959
0.023749119214
0.013965559046
0.010305820809
0.018983519142
0.002303914532
0.005532995484
0.000300160799
0.019457467291
0.020601639228
0.008195733975
0.019887840734
0.011131686647
0.000004514084
0.001217738881
0.004832191468
0.000039056111
0.033475699610
0.027564218763
0.007891225994
0.004957997575
0.011596542653
0.023850185993
0.004757743715
0.006701485627
0.008583342928
0.005480858080
0.053328568201
0.014880601869
0.009806371521
0.013182044906
0.000749480303
0.014217437438
0.000285147301
0.000147410690
0.000029749016
0.028254151940
0.032543801845
0.017318144051
0.010494572102
0.002252201195
0.021707800281
0.010261417240
0.024195181608
0.011620103828
0.007220346987
0.007385398456
0.011585236162
0.012270602029
0.018149346802
0.014425112417
0.010536102479
0.001846216621
0.007759690484
0.008551120745
0.026291548108
0.015683913844
0.018791749372
0.043601531527
0.009560826369
0.023291507073
0.026156651751
0.000004088973
0.000531401690
0.000701241422
0.019358483506
0.028175734967
0.007767783426
0.002713534266
0.001596485722
0.063047875120
0.003938321785
0.005747004318
0.008455546390
0.011122808675
0.000373203111
0.001103347847
0.039505265374
0.010082954971
0.009904284693
0.024980232117
0.013483759732
0.018622144392
0.015128304836
0.012810867339
0.017639884060
0.017840013404
0.001242070803
0.001504461016
0.014957317185
0.032433508940
0.027385500307
0.000278070237
0.000772203533
0.000008601991
0.005481929942
0.000134150462
0.000006210918
0.030716221009
0.000101063192
0.000002405555
0.016824159110
0.039846446074
0.007526259447
0.000431182344
0.000353474306
0.000827196862
0.017511128277
0.007711624900
0.003218530047
0.002688757664
0.004228358527
0.000407428442
0.000334609080
0.026457648793
0.020259205036
0.024726114749
0.000270575651
0.009099963042
0.000296473430
0.002624043450
0.044769364025
0.063710560839
0.013470144246
0.002350421149
0.004447299920
0.007517509448
0.012520225268
0.012221976126
0.018598554568
0.011496380309
0.002482077929
0.022794362776
0.013197714755
0.005235528568
0.013277278402
0.000252743073
0.003131107001
0.000457825493
0.001501347895
0.005965006101
0.000841732605
0.029800935246
0.040694994201
0.005099487330
0.035923149424
0.003806061164
0.029988582599
0.015361359446
0.020587602922
0.000000973213
0.000033321493
0.034715852225
0.051850325093
0.020285733789
0.003647497226
0.000221829915
0.005818477789
0.023763099274
0.001855883384
0.000444225623
0.026955282536
0.021736538315
0.004521819552
0.000242908888
0.000003708835
0.031600656561
0.024314144557
0.015332380270
0.010296435841
0.008037869738
0.002483689008
0.003996037683
0.000134377213
0.023916342895
0.014734534201
0.001578052764
0.020672087947
0.005333207567
0.006017868030
0.002210305264
0.015078963239
0.001646158179
0.003492342102
0.009011996251
0.006164563437
0.000139734418
0.034695276665
0.033118261436
0.023313690008
0.007561672340
0.000250871794
0.013272845137
0.014540665183
0.019948515072
0.013149895394
0.000150647568
0.005728948698
0.006994180095
0.031612063723
0.012281732148
0.001373266189
0.000012198631
0.039573626861
0.005221473804
0.032151405776
0.011038643719
0.006807558675
0.027003242590
0.001028569211
0.020069221168
0.046809053898
0.024343805884
0.024912228713
0.005849813695
0.011666577026
0.023284238950
0.025854345938
0.015773752726
0.016782202239
0.010315304217
0.003402608403
0.002103396173
0.015351668333
0.019840758515
0.005178416855
0.018043847733
0.011401230684
0.004509308562
0.012653933770
0.001444064956
0.004574855088
0.019804080623
0.023606918395
0.016299756307
0.014189542417
0.007646027786
0.004037948625
0.036973714883
0.012255290844
0.000768224443
0.018478389017
0.007863434611
0.012843542181
0.000145266066
0.002087626832
0.018318795262
0.002116304705
0.017819998876
0.003637098714
0.003458395102
0.000102255501
0.005613143191
0.024973342561
0.032029319320
0.001314725651
0.016225005398
0.000002673264
0.023931707792
0.001587933956
0.016435187048
0.000294363837
0.006398716882
0.000004120370
0.002469096502
0.001052627391
0.001456266474
0.025729813797
0.020662441338
0.009283542929
0.020635107565
0.011419221867
0.004310031263
0.004758791409
0.012499947140
0.017279510937
0.015763528648
0.001927574532
0.002568533529
0.019249707608
0.049867434866
0.020098832949
0.002381727845
0.020364993432
0.005387709482
0.000115212369
0.002172067749
0.002087907020
0.002665132426
0.021731992469
0.016927220630
0.014691999217
0.012995565503
0.015789861812
0.002119472669
0.000031277125
0.014157087804
0.024625584012
0.003003460762
0.001000847395
0.000262423712
0.000416046200
0.008673277487
0.003564542905
0.000796384883
0.036600757658
0.019553415735
0.014089618194
0.010181652049
0.003795676507
0.002546944622
0.003897913542
0.000579170170
0.020938558106
0.013083712857
0.006839824669
0.024513900074
0.035555614142
0.021526096720
0.005036977887
0.025353565768
0.019047451416
0.013514057360
0.011962204876
0.000187318097
0.000292321372
0.019412824650
0.032913438915
0.017327609096
0.004961880507
0.000739877993
0.019425664415
0.041723659158
0.010331036109
0.000714374045
0.000490073415
0.003370832027
0.074432104238
0.002464798805
0.000042548382
0.034173957921
0.020119202535
0.017934216666
0.000214083095
0.006176495999
0.013391404937
0.014114123572
0.012627315149
0.000104659447
0.049965928175
0.024296344909
0.006144853332
0.018985672995
0.005582072572
0.007566479889
0.002935671834
0.004431887790
0.062000903177
0.040373902609
0.010653899789
0.023533279429
0.023792312899
0.019130924711
0.007185777948
0.004135709793
0.038091104486
0.010531174672
0.043660631058
0.015915088278
0.003548595790
0.004566212887
0.000972554011
0.006020422399
0.040787380561
0.003859461171
0.000779229115
0.004626269227
0.014129306755
0.008280441656
0.021173212415
0.001783268418
0.000163323754
0.013122086728
0.000409127296
0.001214550006
0.000119964638
0.014622774517
0.016026564269
0.020910282456
0.007219936615
0.006703252138
0.010061826227
0.036246039420
0.003899609486
0.001922369935
0.003313974349
0.039396375036
0.008151587409
0.004974958555
0.010678288719
0.001187368930
0.010200974236
0.000054812058
0.009088310324
0.017184111610
0.012244893491
0.005956723139
0.002600102383
0.002457741360
0.009062640089
0.000033254508
0.043683161098
0.024755748834
0.016596752948
0.000413446757
0.000265679982
0.000540989527
0.049265611844
0.018802453096
0.015403372603
0.004568711561
0.001674743351
0.001613826734
0.070424452529
0.007992015249
0.030050725919
0.006997477652
0.012950554753
0.006865616986
0.003354112046
0.019177202842
0.004691115365
0.004119106845
0.011597036830
0.001665644533
0.005387071447
0.003272808333
0.022873912947
0.001157185884
0.002038204355
0.031761583907
0.007820054647
0.004671330410
0.027143601783
0.005519725373
0.000989292078
0.028343293577
0.002643502580
0.004751462194
0.003303070091
0.067879397675
0.047683753348
0.006781204907
0.012995504687
0.000865569909
0.025359424432
0.000406393290
0.000016682651
0.019668803633
0.016331877135
0.017737148024
0.001790016005
0.020274406377
0.020011113165
0.002241680872
0.044299809727
0.031509081145
0.041488521136
0.032668261518
0.000351099279
0.007413921060
0.024170016845
0.008449158244
0.000635257201
0.005240793135
0.001718378755
0.006305819866
0.000004041598
0.009027487084
0.006966085887
0.001231680042
0.000561412330
0.025112385805
0.009624291820
0.006918029210
0.000025228213
0.027286342997
0.005744632565
0.048874690002
0.001355626586
0.001326039044
0.000318569310
0.000060274202
0.038135539945
0.000930161971
0.038319473523
0.002826915951
0.006923279498
0.000301047777
0.004759215277
0.014796501311
0.026739817529
0.045897014324
0.036057027700
0.037450298080
0.023099642588
0.004900896256
0.037938856605
0.019479304028
0.004304388047
0.032891827146
0.018684114165
0.013799184669
0.003599961688
0.030021748815
0.012375389241
0.013655113445
0.005131230322
0.005103878773
0.037134619403
0.014815403509
0.003647943127
0.001910487665
0.019608381869
0.037566766259
0.090682202061
0.006225010174
0.032301907593
0.012997039298
0.005352587432
0.010059931928
0.037737562489
0.005882980216
0.008197086090
0.000237857670
0.019911827050
0.001169696318
0.000190844483
0.015529938607
0.019907373756
0.015425646517
0.007174162146
0.007862949734
0.005459973313
0.000845430475
0.020276724704
0.000416210081
0.017851352696
0.019371466650
0.020478493216
0.005513911638
0.030178331796
0.041826968227
0.000083521171
0.002345017804
0.000343001511
0.013696907282
0.019047719625
0.002122356313
0.008160901142
0.017403132237
0.012808388706
0.013420130929
0.015536908762
0.013553826112
0.017021428178
0.010412154624
0.004085619263
0.001905086287
0.028080389267
0.005249458561
0.002561679935
0.008174909603
0.009762849282
0.018406387906
0.037032166391
0.006862491964
0.000034679622
0.034152081062
0.005776040924
0.000289068827
0.003091709737
0.006492065835
0.040259628509
0.005553722176
0.000551469955
0.016191989678
0.007993240987
0.023364298986
0.002359683869
0.000022792525
0.000643035171
0.004718019579
0.037540137031
0.020699051144
0.000238257482
0.028359544882
0.023857588404
0.011125704734
0.027334762308
0.006407292858
0.023687649373
0.020899482661
0.009813472832
0.008138023359
0.055037272965
0.004708262963
0.035704682645
0.031394058278
0.019590596604
0.013380200129
0.016984016253
0.017488760694
0.001610049755
0.001324440910
0.000095612824
0.000004846184
0.062790997567
0.012865007202
0.001724244713
0.011449381642
0.020310054608
0.021848428230
0.001417346980
0.002523965998
0.041731719397
0.056351360882
0.002820411319
0.010471735455
0.013757188674
0.021370952670
0.007534166786
0.005607256743
0.036430392424
0.015751291305
0.002272246302
0.033277081553
0.006581308555
0.012939009371
0.011333046832
0.040910043767
0.016449703664
0.008693409841
