0 4 1
0 1 1
0 3 1
0 242 1
1 17 1
1 2 1
1 0 1
1 240 1
2 1 1
2 20 1
2 7 1
2 1156 1
3 0 1
3 5 1
3 11 1
3 246 1
4 0 1
4 6 1
4 5 1
4 707 1
5 4 1
5 3 1
5 8 1
5 715 1
6 7 1
6 4 1
6 10 1
6 593 1
7 2 1
7 6 1
7 23 1
7 593 1
8 5 1
8 13 1
8 10 1
8 912 1
9 14 1
9 21 1
9 12 1
9 848 1
10 8 1
10 6 1
10 22 1
10 592 1
11 16 1
11 3 1
11 13 1
11 247 1
12 9 1
12 15 1
12 13 1
12 325 1
13 8 1
13 11 1
13 12 1
13 329 1
14 9 1
14 18 1
14 15 1
14 844 1
15 12 1
15 14 1
15 16 1
15 321 1
16 11 1
16 19 1
16 15 1
16 249 1
17 18 1
17 1 1
17 19 1
17 243 1
18 14 1
18 17 1
18 19 1
18 969 1
19 17 1
19 16 1
19 18 1
19 248 1
20 2 1
20 21 1
20 23 1
20 841 1
21 20 1
21 9 1
21 22 1
21 918 1
22 23 1
22 10 1
22 21 1
22 591 1
23 7 1
23 20 1
23 22 1
23 598 1
24 30 1
24 26 1
24 25 1
24 449 1
25 29 1
25 24 1
25 31 1
25 456 1
26 24 1
26 27 1
26 28 1
26 449 1
27 37 1
27 28 1
27 26 1
27 850 1
28 27 1
28 32 1
28 26 1
28 660 1
29 25 1
29 47 1
29 52 1
29 675 1
30 34 1
30 24 1
30 31 1
30 454 1
31 35 1
31 25 1
31 30 1
31 457 1
32 28 1
32 33 1
32 48 1
32 660 1
33 32 1
33 43 1
33 49 1
33 664 1
34 30 1
34 38 1
34 35 1
34 857 1
35 36 1
35 31 1
35 34 1
35 679 1
36 35 1
36 51 1
36 39 1
36 680 1
37 27 1
37 44 1
37 38 1
37 864 1
38 37 1
38 34 1
38 39 1
38 858 1
39 36 1
39 40 1
39 38 1
39 743 1
40 39 1
40 41 1
40 45 1
40 743 1
41 40 1
41 42 1
41 45 1
41 744 1
42 41 1
42 50 1
42 43 1
42 522 1
43 33 1
43 44 1
43 42 1
43 1147 1
44 43 1
44 37 1
44 45 1
44 1235 1
45 40 1
45 44 1
45 41 1
45 1234 1
46 47 1
46 53 1
46 49 1
46 1134 1
47 48 1
47 29 1
47 46 1
47 1172 1
48 32 1
48 47 1
48 49 1
48 652 1
49 46 1
49 33 1
49 48 1
49 110 1
50 42 1
50 51 1
50 53 1
50 525 1
51 52 1
51 36 1
51 50 1
51 682 1
52 29 1
52 51 1
52 53 1
52 683 1
53 46 1
53 52 1
53 50 1
53 1133 1
54 55 1
54 72 1
54 56 1
54 226 1
55 57 1
55 65 1
55 54 1
55 215 1
56 54 1
56 59 1
56 57 1
56 971 1
57 58 1
57 55 1
57 56 1
57 968 1
58 60 1
58 67 1
58 57 1
58 967 1
59 56 1
59 61 1
59 60 1
59 907 1
60 58 1
60 63 1
60 59 1
60 905 1
61 59 1
61 71 1
61 62 1
61 749 1
62 63 1
62 61 1
62 64 1
62 745 1
63 60 1
63 70 1
63 62 1
63 904 1
64 62 1
64 75 1
64 69 1
64 752 1
65 55 1
65 68 1
65 66 1
65 222 1
66 65 1
66 73 1
66 74 1
66 221 1
67 70 1
67 58 1
67 68 1
67 1315 1
68 65 1
68 67 1
68 69 1
68 1314 1
69 70 1
69 64 1
69 68 1
69 1312 1
70 63 1
70 67 1
70 69 1
70 1065 1
71 61 1
71 72 1
71 75 1
71 746 1
72 54 1
72 73 1
72 71 1
72 218 1
73 72 1
73 66 1
73 74 1
73 217 1
74 66 1
74 75 1
74 73 1
74 1248 1
75 64 1
75 71 1
75 74 1
75 753 1
76 77 1
76 87 1
76 78 1
76 1058 1
77 84 1
77 76 1
77 82 1
77 188 1
78 76 1
78 93 1
78 83 1
78 1428 1
79 80 1
79 90 1
79 83 1
79 1408 1
80 86 1
80 79 1
80 81 1
80 1406 1
81 82 1
81 85 1
81 80 1
81 1411 1
82 81 1
82 77 1
82 83 1
82 1377 1
83 78 1
83 79 1
83 82 1
83 579 1
84 77 1
84 99 1
84 85 1
84 195 1
85 84 1
85 81 1
85 86 1
85 1410 1
86 94 1
86 80 1
86 85 1
86 1409 1
87 76 1
87 96 1
87 88 1
87 159 1
88 87 1
88 92 1
88 95 1
88 417 1
89 91 1
89 100 1
89 107 1
89 662 1
90 79 1
90 91 1
90 93 1
90 653 1
91 90 1
91 89 1
91 92 1
91 662 1
92 88 1
92 93 1
92 91 1
92 964 1
93 92 1
93 78 1
93 90 1
93 1432 1
94 86 1
94 101 1
94 102 1
94 1409 1
95 88 1
95 97 1
95 105 1
95 418 1
96 87 1
96 98 1
96 97 1
96 171 1
97 95 1
97 96 1
97 104 1
97 414 1
98 96 1
98 99 1
98 103 1
98 174 1
99 98 1
99 84 1
99 112 1
99 1175 1
100 89 1
100 101 1
100 110 1
100 664 1
101 100 1
101 94 1
101 102 1
101 664 1
102 94 1
102 111 1
102 101 1
102 1149 1
103 98 1
103 106 1
103 113 1
103 1140 1
104 97 1
104 105 1
104 106 1
104 1212 1
105 95 1
105 108 1
105 104 1
105 956 1
106 104 1
106 103 1
106 109 1
106 1213 1
107 89 1
107 108 1
107 110 1
107 663 1
108 107 1
108 105 1
108 109 1
108 962 1
109 106 1
109 110 1
109 108 1
109 1169 1
110 100 1
110 107 1
110 109 1
110 49 1
111 102 1
111 112 1
111 113 1
111 1149 1
112 111 1
112 99 1
112 113 1
112 1146 1
113 112 1
113 103 1
113 111 1
113 1140 1
114 120 1
114 124 1
114 115 1
114 1208 1
115 117 1
115 114 1
115 116 1
115 724 1
116 115 1
116 118 1
116 126 1
116 723 1
117 115 1
117 123 1
117 118 1
117 1073 1
118 116 1
118 117 1
118 125 1
118 1008 1
119 121 1
119 128 1
119 120 1
119 768 1
120 119 1
120 114 1
120 127 1
120 767 1
121 119 1
121 122 1
121 124 1
121 1404 1
122 121 1
122 129 1
122 123 1
122 1072 1
123 124 1
123 117 1
123 122 1
123 1073 1
124 114 1
124 121 1
124 123 1
124 1405 1
125 126 1
125 118 1
125 129 1
125 642 1
126 116 1
126 127 1
126 125 1
126 772 1
127 126 1
127 120 1
127 128 1
127 772 1
128 129 1
128 119 1
128 127 1
128 774 1
129 122 1
129 128 1
129 125 1
129 1074 1
130 131 1
130 137 1
130 144 1
130 1270 1
131 133 1
131 130 1
131 143 1
131 1268 1
132 133 1
132 138 1
132 134 1
132 255 1
133 132 1
133 131 1
133 134 1
133 444 1
134 142 1
134 132 1
134 133 1
134 261 1
135 139 1
135 146 1
135 136 1
135 250 1
136 135 1
136 141 1
136 140 1
136 859 1
137 130 1
137 138 1
137 140 1
137 1270 1
138 137 1
138 132 1
138 139 1
138 263 1
139 138 1
139 135 1
139 140 1
139 260 1
140 136 1
140 137 1
140 139 1
140 858 1
141 136 1
141 151 1
141 145 1
141 1198 1
142 134 1
142 147 1
142 143 1
142 261 1
143 131 1
143 148 1
143 142 1
143 207 1
144 130 1
144 149 1
144 145 1
144 1424 1
145 144 1
145 141 1
145 150 1
145 1197 1
146 135 1
146 147 1
146 151 1
146 273 1
147 146 1
147 142 1
147 148 1
147 271 1
148 149 1
148 143 1
148 147 1
148 208 1
149 144 1
149 148 1
149 150 1
149 792 1
150 145 1
150 151 1
150 149 1
150 791 1
151 141 1
151 146 1
151 150 1
151 794 1
152 153 1
152 163 1
152 154 1
152 561 1
153 170 1
153 152 1
153 155 1
153 413 1
154 161 1
154 152 1
154 156 1
154 561 1
155 156 1
155 153 1
155 159 1
155 416 1
156 154 1
156 155 1
156 157 1
156 535 1
157 158 1
157 162 1
157 156 1
157 1059 1
158 159 1
158 164 1
158 157 1
158 1058 1
159 171 1
159 158 1
159 155 1
159 87 1
160 161 1
160 165 1
160 162 1
160 760 1
161 160 1
161 154 1
161 162 1
161 756 1
162 157 1
162 160 1
162 161 1
162 757 1
163 152 1
163 167 1
163 165 1
163 366 1
164 158 1
164 166 1
164 165 1
164 181 1
165 163 1
165 160 1
165 164 1
165 760 1
166 164 1
166 169 1
166 168 1
166 181 1
167 163 1
167 172 1
167 168 1
167 428 1
168 167 1
168 166 1
168 169 1
168 189 1
169 166 1
169 175 1
169 168 1
169 196 1
170 153 1
170 173 1
170 171 1
170 414 1
171 159 1
171 174 1
171 170 1
171 96 1
172 167 1
172 173 1
172 175 1
172 1349 1
173 172 1
173 170 1
173 174 1
173 893 1
174 175 1
174 171 1
174 173 1
174 98 1
175 169 1
175 174 1
175 172 1
175 1175 1
176 178 1
176 180 1
176 177 1
176 364 1
177 176 1
177 179 1
177 182 1
177 1301 1
178 176 1
178 189 1
178 183 1
178 421 1
179 177 1
179 185 1
179 184 1
179 1366 1
180 176 1
180 181 1
180 186 1
180 1061 1
181 180 1
181 166 1
181 187 1
181 164 1
182 183 1
182 177 1
182 184 1
182 706 1
183 178 1
183 182 1
183 191 1
183 420 1
184 179 1
184 182 1
184 194 1
184 714 1
185 179 1
185 186 1
185 188 1
185 1376 1
186 185 1
186 180 1
186 187 1
186 1060 1
187 181 1
187 188 1
187 186 1
187 1058 1
188 187 1
188 195 1
188 185 1
188 77 1
189 168 1
189 178 1
189 190 1
189 428 1
190 189 1
190 191 1
190 192 1
190 427 1
191 190 1
191 183 1
191 192 1
191 425 1
192 191 1
192 193 1
192 190 1
192 719 1
193 192 1
193 194 1
193 196 1
193 719 1
194 195 1
194 184 1
194 193 1
194 716 1
195 188 1
195 196 1
195 194 1
195 84 1
196 195 1
196 169 1
196 193 1
196 1175 1
197 198 1
197 212 1
197 200 1
197 440 1
198 211 1
198 197 1
198 207 1
198 441 1
199 203 1
199 213 1
199 206 1
199 1469 1
200 201 1
200 197 1
200 214 1
200 1215 1
201 200 1
201 208 1
201 202 1
201 551 1
202 201 1
202 209 1
202 205 1
202 786 1
203 199 1
203 204 1
203 206 1
203 1444 1
204 203 1
204 210 1
204 205 1
204 1444 1
205 202 1
205 206 1
205 204 1
205 786 1
206 199 1
206 203 1
206 205 1
206 1446 1
207 198 1
207 208 1
207 211 1
207 143 1
208 207 1
208 201 1
208 209 1
208 148 1
209 202 1
209 208 1
209 210 1
209 792 1
210 204 1
210 211 1
210 209 1
210 1465 1
211 210 1
211 198 1
211 207 1
211 1268 1
212 197 1
212 213 1
212 214 1
212 1214 1
213 212 1
213 199 1
213 214 1
213 1469 1
214 212 1
214 200 1
214 213 1
214 1215 1
215 219 1
215 224 1
215 55 1
215 1341 1
216 223 1
216 220 1
216 217 1
216 609 1
217 216 1
217 73 1
217 218 1
217 603 1
218 72 1
218 227 1
218 217 1
218 611 1
219 220 1
219 215 1
219 222 1
219 1265 1
220 216 1
220 219 1
220 221 1
220 1236 1
221 66 1
221 220 1
221 222 1
221 1309 1
222 219 1
222 65 1
222 221 1
222 1342 1
223 216 1
223 225 1
223 229 1
223 326 1
224 215 1
224 225 1
224 226 1
224 248 1
225 224 1
225 223 1
225 232 1
225 249 1
226 54 1
226 224 1
226 228 1
226 971 1
227 218 1
227 228 1
227 230 1
227 612 1
228 227 1
228 226 1
228 231 1
228 929 1
229 223 1
229 230 1
229 232 1
229 324 1
230 229 1
230 227 1
230 231 1
230 610 1
231 232 1
231 228 1
231 230 1
231 928 1
232 229 1
232 225 1
232 231 1
232 321 1
233 235 1
233 241 1
233 234 1
233 896 1
234 243 1
234 240 1
234 233 1
234 1277 1
235 237 1
235 233 1
235 244 1
235 897 1
236 237 1
236 242 1
236 239 1
236 425 1
237 236 1
237 235 1
237 238 1
237 898 1
238 245 1
238 239 1
238 237 1
238 1343 1
239 238 1
239 246 1
239 236 1
239 717 1
240 234 1
240 1 1
240 241 1
240 1158 1
241 233 1
241 242 1
241 240 1
241 900 1
242 241 1
242 236 1
242 0 1
242 709 1
243 234 1
243 17 1
243 244 1
243 1278 1
244 235 1
244 243 1
244 245 1
244 1278 1
245 238 1
245 248 1
245 244 1
245 1341 1
246 239 1
246 247 1
246 3 1
246 718 1
247 246 1
247 249 1
247 11 1
247 326 1
248 249 1
248 245 1
248 19 1
248 224 1
249 247 1
249 248 1
249 16 1
249 225 1
250 256 1
250 251 1
250 135 1
250 945 1
251 250 1
251 252 1
251 260 1
251 942 1
252 251 1
252 254 1
252 253 1
252 613 1
253 252 1
253 254 1
253 265 1
253 602 1
254 252 1
254 257 1
254 253 1
254 606 1
255 132 1
255 262 1
255 259 1
255 445 1
256 250 1
256 258 1
256 273 1
256 328 1
257 254 1
257 258 1
257 259 1
257 606 1
258 257 1
258 256 1
258 270 1
258 324 1
259 257 1
259 255 1
259 266 1
259 443 1
260 251 1
260 139 1
260 264 1
260 1291 1
261 134 1
261 267 1
261 142 1
261 441 1
262 255 1
262 263 1
262 265 1
262 868 1
263 262 1
263 138 1
263 264 1
263 1271 1
264 265 1
264 260 1
264 263 1
264 1291 1
265 253 1
265 264 1
265 262 1
265 871 1
266 259 1
266 267 1
266 270 1
266 447 1
267 266 1
267 261 1
267 268 1
267 446 1
268 267 1
268 271 1
268 269 1
268 553 1
269 270 1
269 272 1
269 268 1
269 320 1
270 258 1
270 269 1
270 266 1
270 322 1
271 268 1
271 147 1
271 272 1
271 552 1
272 269 1
272 273 1
272 271 1
272 334 1
273 256 1
273 146 1
273 272 1
273 335 1
274 275 1
274 278 1
274 285 1
274 1440 1
275 274 1
275 277 1
275 276 1
275 1456 1
276 275 1
276 291 1
276 277 1
276 632 1
277 275 1
277 280 1
277 276 1
277 629 1
278 280 1
278 274 1
278 279 1
278 1329 1
279 278 1
279 281 1
279 283 1
279 1329 1
280 277 1
280 278 1
280 290 1
280 627 1
281 279 1
281 284 1
281 283 1
281 465 1
282 287 1
282 286 1
282 288 1
282 478 1
283 281 1
283 279 1
283 289 1
283 1328 1
284 281 1
284 285 1
284 286 1
284 464 1
285 284 1
285 274 1
285 286 1
285 1441 1
286 282 1
286 285 1
286 284 1
286 1287 1
287 282 1
287 292 1
287 288 1
287 475 1
288 287 1
288 282 1
288 289 1
288 476 1
289 283 1
289 290 1
289 288 1
289 1393 1
290 280 1
290 293 1
290 289 1
290 628 1
291 276 1
291 292 1
291 293 1
291 632 1
292 291 1
292 287 1
292 293 1
292 475 1
293 290 1
293 291 1
293 292 1
293 631 1
294 299 1
294 302 1
294 298 1
294 1015 1
295 296 1
295 301 1
295 298 1
295 468 1
296 295 1
296 300 1
296 297 1
296 477 1
297 298 1
297 305 1
297 296 1
297 1279 1
298 294 1
298 297 1
298 295 1
298 1020 1
299 294 1
299 303 1
299 301 1
299 1017 1
300 296 1
300 301 1
300 304 1
300 478 1
301 300 1
301 295 1
301 299 1
301 470 1
302 303 1
302 294 1
302 305 1
302 1452 1
303 299 1
303 302 1
303 304 1
303 1467 1
304 300 1
304 305 1
304 303 1
304 1285 1
305 297 1
305 302 1
305 304 1
305 1283 1
306 307 1
306 310 1
306 314 1
306 933 1
307 306 1
307 317 1
307 308 1
307 930 1
308 307 1
308 309 1
308 318 1
308 610 1
309 308 1
309 313 1
309 311 1
309 928 1
310 306 1
310 316 1
310 312 1
310 1214 1
311 312 1
311 309 1
311 319 1
311 447 1
312 310 1
312 315 1
312 311 1
312 1216 1
313 309 1
313 314 1
313 315 1
313 928 1
314 306 1
314 315 1
314 313 1
314 929 1
315 314 1
315 312 1
315 313 1
315 844 1
316 310 1
316 317 1
316 319 1
316 440 1
317 316 1
317 307 1
317 318 1
317 442 1
318 308 1
318 317 1
318 319 1
318 443 1
319 311 1
319 318 1
319 316 1
319 447 1
320 322 1
320 325 1
320 269 1
320 843 1
321 322 1
321 15 1
321 232 1
321 845 1
322 321 1
322 320 1
322 270 1
322 845 1
323 324 1
323 328 1
323 326 1
323 613 1
324 323 1
324 258 1
324 229 1
324 606 1
325 320 1
325 12 1
325 327 1
325 847 1
326 323 1
326 247 1
326 223 1
326 614 1
327 325 1
327 334 1
327 331 1
327 847 1
328 256 1
328 323 1
328 330 1
328 945 1
329 13 1
329 330 1
329 332 1
329 914 1
330 329 1
330 328 1
330 333 1
330 946 1
331 332 1
331 327 1
331 336 1
331 915 1
332 329 1
332 331 1
332 333 1
332 917 1
333 330 1
333 335 1
333 332 1
333 855 1
334 272 1
334 327 1
334 336 1
334 548 1
335 333 1
335 273 1
335 336 1
335 794 1
336 331 1
336 334 1
336 335 1
336 798 1
337 340 1
337 347 1
337 349 1
337 1403 1
338 341 1
338 348 1
338 339 1
338 731 1
339 346 1
339 338 1
339 342 1
339 721 1
340 337 1
340 341 1
340 343 1
340 1405 1
341 340 1
341 338 1
341 342 1
341 725 1
342 339 1
342 341 1
342 343 1
342 724 1
343 340 1
343 345 1
343 342 1
343 1073 1
344 345 1
344 352 1
344 346 1
344 1004 1
345 343 1
345 344 1
345 346 1
345 1008 1
346 344 1
346 339 1
346 345 1
346 721 1
347 348 1
347 337 1
347 350 1
347 1449 1
348 338 1
348 347 1
348 351 1
348 1336 1
349 350 1
349 337 1
349 352 1
349 997 1
350 347 1
350 349 1
350 351 1
350 1000 1
351 348 1
351 352 1
351 350 1
351 998 1
352 344 1
352 349 1
352 351 1
352 1004 1
353 367 1
353 365 1
353 360 1
353 1358 1
354 361 1
354 355 1
354 356 1
354 422 1
355 354 1
355 366 1
355 356 1
355 428 1
356 354 1
356 358 1
356 355 1
356 421 1
357 363 1
357 359 1
357 358 1
357 1048 1
358 356 1
358 357 1
358 364 1
358 421 1
359 357 1
359 360 1
359 361 1
359 1048 1
360 353 1
360 361 1
360 359 1
360 1154 1
361 360 1
361 354 1
361 359 1
361 901 1
362 363 1
362 368 1
362 364 1
362 1207 1
363 362 1
363 357 1
363 364 1
363 1303 1
364 362 1
364 358 1
364 363 1
364 176 1
365 353 1
365 369 1
365 366 1
365 755 1
366 355 1
366 365 1
366 372 1
366 163 1
367 353 1
367 370 1
367 368 1
367 1413 1
368 367 1
368 362 1
368 371 1
368 1207 1
369 365 1
369 370 1
369 372 1
369 755 1
370 369 1
370 367 1
370 371 1
370 764 1
371 372 1
371 368 1
371 370 1
371 763 1
372 366 1
372 371 1
372 369 1
372 760 1
373 374 1
373 375 1
373 378 1
373 429 1
374 376 1
374 373 1
374 386 1
374 430 1
375 373 1
375 395 1
375 380 1
375 486 1
376 374 1
376 394 1
376 377 1
376 1189 1
377 376 1
377 392 1
377 398 1
377 1220 1
378 373 1
378 387 1
378 381 1
378 438 1
379 391 1
379 383 1
379 382 1
379 1325 1
380 375 1
380 381 1
380 384 1
380 565 1
381 380 1
381 378 1
381 382 1
381 698 1
382 379 1
382 385 1
382 381 1
382 692 1
383 379 1
383 388 1
383 385 1
383 1252 1
384 389 1
384 380 1
384 385 1
384 569 1
385 383 1
385 382 1
385 384 1
385 1179 1
386 374 1
386 387 1
386 393 1
386 431 1
387 386 1
387 378 1
387 390 1
387 437 1
388 383 1
388 397 1
388 389 1
388 1252 1
389 384 1
389 396 1
389 388 1
389 1253 1
390 387 1
390 391 1
390 393 1
390 1356 1
391 392 1
391 379 1
391 390 1
391 1325 1
392 393 1
392 377 1
392 391 1
392 1223 1
393 386 1
393 392 1
393 390 1
393 408 1
394 395 1
394 376 1
394 398 1
394 1192 1
395 375 1
395 394 1
395 396 1
395 1191 1
396 395 1
396 389 1
396 397 1
396 1384 1
397 388 1
397 398 1
397 396 1
397 1382 1
398 397 1
398 377 1
398 394 1
398 595 1
399 404 1
399 409 1
399 400 1
400 399 1
400 401 1
400 402 1
400 1036 1
401 400 1
401 412 1
401 403 1
401 1419 1
402 400 1
402 405 1
402 403 1
402 1418 1
403 406 1
403 401 1
403 402 1
403 1418 1
404 407 1
404 399 1
404 405 1
404 432 1
405 404 1
405 402 1
405 406 1
405 686 1
406 408 1
406 403 1
406 405 1
406 1356 1
407 404 1
407 410 1
407 408 1
407 431 1
408 406 1
408 411 1
408 407 1
408 393 1
409 399 1
409 410 1
409 412 1
409 1217 1
410 409 1
410 407 1
410 411 1
410 1219 1
411 412 1
411 408 1
411 410 1
411 1223 1
412 401 1
412 409 1
412 411 1
412 1224 1
413 153 1
413 414 1
413 415 1
413 562 1
414 170 1
414 413 1
414 97 1
414 1293 1
415 416 1
415 413 1
415 418 1
415 562 1
416 155 1
416 415 1
416 417 1
416 538 1
417 416 1
417 88 1
417 418 1
417 964 1
418 415 1
418 95 1
418 417 1
418 965 1
419 421 1
419 423 1
419 420 1
419 1048 1
420 183 1
420 419 1
420 424 1
420 712 1
421 419 1
421 356 1
421 178 1
421 358 1
422 354 1
422 426 1
422 423 1
422 901 1
423 422 1
423 419 1
423 424 1
423 901 1
424 420 1
424 423 1
424 425 1
424 709 1
425 424 1
425 191 1
425 426 1
425 236 1
426 422 1
426 427 1
426 425 1
426 898 1
427 426 1
427 428 1
427 190 1
427 1255 1
428 427 1
428 355 1
428 189 1
428 167 1
429 430 1
429 433 1
429 373 1
429 483 1
430 431 1
430 429 1
430 374 1
430 1189 1
431 432 1
431 430 1
431 386 1
431 407 1
432 431 1
432 434 1
432 435 1
432 404 1
433 429 1
433 434 1
433 439 1
433 1013 1
434 433 1
434 432 1
434 435 1
434 1012 1
435 434 1
435 432 1
435 436 1
435 700 1
436 435 1
436 437 1
436 439 1
436 700 1
437 436 1
437 387 1
437 438 1
437 687 1
438 378 1
438 439 1
438 437 1
438 698 1
439 438 1
439 433 1
439 436 1
439 702 1
440 441 1
440 316 1
440 446 1
440 197 1
441 440 1
441 444 1
441 261 1
441 198 1
442 445 1
442 317 1
442 443 1
442 866 1
443 259 1
443 318 1
443 442 1
443 608 1
444 441 1
444 445 1
444 133 1
444 1268 1
445 444 1
445 442 1
445 255 1
445 868 1
446 440 1
446 447 1
446 267 1
446 555 1
447 446 1
447 319 1
447 266 1
447 311 1
448 451 1
448 460 1
448 450 1
448 1194 1
449 24 1
449 452 1
449 450 1
449 26 1
450 455 1
450 448 1
450 449 1
450 849 1
451 458 1
451 448 1
451 452 1
451 1194 1
452 449 1
452 459 1
452 451 1
452 1240 1
453 457 1
453 462 1
453 454 1
453 992 1
454 30 1
454 453 1
454 455 1
454 857 1
455 450 1
455 463 1
455 454 1
455 860 1
456 457 1
456 467 1
456 25 1
456 675 1
457 456 1
457 453 1
457 31 1
457 669 1
458 451 1
458 465 1
458 459 1
458 1328 1
459 452 1
459 466 1
459 458 1
459 1240 1
460 448 1
460 461 1
460 463 1
460 1199 1
461 462 1
461 464 1
461 460 1
461 1287 1
462 453 1
462 461 1
462 463 1
462 1284 1
463 460 1
463 455 1
463 462 1
463 1200 1
464 461 1
464 467 1
464 465 1
464 284 1
465 464 1
465 458 1
465 466 1
465 281 1
466 459 1
466 467 1
466 465 1
466 1246 1
467 464 1
467 456 1
467 466 1
467 1247 1
468 469 1
468 471 1
468 295 1
468 1019 1
469 468 1
469 472 1
469 470 1
469 1016 1
470 301 1
470 473 1
470 469 1
470 1017 1
471 468 1
471 472 1
471 474 1
471 777 1
472 471 1
472 469 1
472 473 1
472 630 1
473 470 1
473 475 1
473 472 1
473 632 1
474 471 1
474 476 1
474 475 1
474 781 1
475 473 1
475 287 1
475 474 1
475 292 1
476 474 1
476 477 1
476 288 1
476 1391 1
477 476 1
477 296 1
477 478 1
477 1286 1
478 282 1
478 300 1
478 477 1
478 1287 1
479 480 1
479 484 1
479 482 1
479 1295 1
480 479 1
480 483 1
480 481 1
480 1074 1
481 482 1
481 486 1
481 480 1
481 564 1
482 481 1
482 485 1
482 479 1
482 563 1
483 480 1
483 484 1
483 486 1
483 429 1
484 483 1
484 479 1
484 485 1
484 1190 1
485 482 1
485 486 1
485 484 1
485 1191 1
486 485 1
486 481 1
486 483 1
486 375 1
487 499 1
487 500 1
487 488 1
487 730 1
488 497 1
488 487 1
488 489 1
488 1338 1
489 498 1
489 494 1
489 488 1
489 649 1
490 495 1
490 493 1
490 491 1
490 974 1
491 490 1
491 503 1
491 492 1
491 636 1
492 493 1
492 491 1
492 507 1
492 636 1
493 490 1
493 508 1
493 492 1
493 972 1
494 489 1
494 495 1
494 501 1
494 649 1
495 494 1
495 490 1
495 502 1
495 650 1
496 498 1
496 505 1
496 497 1
496 984 1
497 496 1
497 488 1
497 498 1
497 1338 1
498 496 1
498 489 1
498 497 1
498 983 1
499 487 1
499 500 1
499 504 1
499 771 1
500 499 1
500 487 1
500 501 1
500 1105 1
501 494 1
501 500 1
501 502 1
501 665 1
502 503 1
502 495 1
502 501 1
502 666 1
503 491 1
503 502 1
503 504 1
503 645 1
504 499 1
504 506 1
504 503 1
504 646 1
505 508 1
505 496 1
505 506 1
505 984 1
506 504 1
506 505 1
506 507 1
506 638 1
507 506 1
507 492 1
507 508 1
507 633 1
508 493 1
508 505 1
508 507 1
508 982 1
509 511 1
509 513 1
509 523 1
509 619 1
510 516 1
510 512 1
510 519 1
510 1229 1
511 509 1
511 518 1
511 517 1
511 616 1
512 510 1
512 526 1
512 522 1
512 744 1
513 509 1
513 518 1
513 514 1
513 890 1
514 513 1
514 521 1
514 515 1
514 891 1
515 516 1
515 520 1
515 514 1
515 1142 1
516 517 1
516 510 1
516 515 1
516 1307 1
517 511 1
517 516 1
517 518 1
517 1071 1
518 513 1
518 511 1
518 517 1
518 1070 1
519 520 1
519 510 1
519 522 1
519 1138 1
520 515 1
520 519 1
520 521 1
520 1138 1
521 514 1
521 524 1
521 520 1
521 895 1
522 519 1
522 512 1
522 525 1
522 42 1
523 524 1
523 509 1
523 526 1
523 885 1
524 521 1
524 523 1
524 525 1
524 888 1
525 526 1
525 522 1
525 524 1
525 50 1
526 512 1
526 523 1
526 525 1
526 740 1
527 529 1
527 532 1
527 528 1
527 754 1
528 527 1
528 530 1
528 535 1
528 561 1
529 527 1
529 531 1
529 530 1
529 800 1
530 528 1
530 529 1
530 538 1
530 562 1
531 529 1
531 532 1
531 534 1
531 758 1
532 531 1
532 527 1
532 533 1
532 754 1
533 532 1
533 536 1
533 534 1
533 757 1
534 531 1
534 537 1
534 533 1
534 758 1
535 528 1
535 536 1
535 538 1
535 156 1
536 535 1
536 533 1
536 537 1
536 1059 1
537 534 1
537 538 1
537 536 1
537 808 1
538 530 1
538 535 1
538 537 1
538 416 1
539 541 1
539 559 1
539 551 1
539 787 1
540 544 1
540 549 1
540 542 1
540 1300 1
541 542 1
541 539 1
541 543 1
541 1299 1
542 540 1
542 541 1
542 543 1
542 1300 1
543 541 1
543 554 1
543 542 1
543 1297 1
544 547 1
544 540 1
544 546 1
544 1335 1
545 548 1
545 558 1
545 546 1
545 797 1
546 544 1
546 560 1
546 545 1
546 1335 1
547 544 1
547 550 1
547 548 1
547 846 1
548 552 1
548 545 1
548 547 1
548 334 1
549 540 1
549 550 1
549 556 1
549 1216 1
550 549 1
550 547 1
550 553 1
550 843 1
551 539 1
551 552 1
551 554 1
551 201 1
552 551 1
552 548 1
552 553 1
552 271 1
553 552 1
553 550 1
553 555 1
553 268 1
554 543 1
554 551 1
554 557 1
554 1215 1
555 553 1
555 556 1
555 557 1
555 446 1
556 549 1
556 557 1
556 555 1
556 1216 1
557 556 1
557 554 1
557 555 1
557 1215 1
558 545 1
558 559 1
558 560 1
558 796 1
559 539 1
559 560 1
559 558 1
559 788 1
560 559 1
560 546 1
560 558 1
560 1097 1
561 528 1
561 152 1
561 154 1
561 756 1
562 413 1
562 530 1
562 415 1
562 1294 1
563 564 1
563 571 1
563 574 1
563 482 1
564 563 1
564 565 1
564 567 1
564 481 1
565 564 1
565 569 1
565 566 1
565 380 1
566 567 1
566 568 1
566 565 1
566 635 1
567 575 1
567 566 1
567 564 1
567 643 1
568 566 1
568 576 1
568 569 1
568 634 1
569 565 1
569 570 1
569 568 1
569 384 1
570 569 1
570 571 1
570 578 1
570 1253 1
571 570 1
571 563 1
571 582 1
571 1385 1
572 573 1
572 577 1
572 579 1
572 637 1
573 572 1
573 575 1
573 580 1
573 645 1
574 575 1
574 563 1
574 581 1
574 1295 1
575 573 1
575 567 1
575 574 1
575 648 1
576 568 1
576 577 1
576 578 1
576 634 1
577 576 1
577 572 1
577 578 1
577 637 1
578 570 1
578 576 1
578 577 1
578 1162 1
579 572 1
579 580 1
579 582 1
579 83 1
580 579 1
580 573 1
580 581 1
580 1428 1
581 574 1
581 582 1
581 580 1
581 1430 1
582 581 1
582 571 1
582 579 1
582 1380 1
583 584 1
583 587 1
583 592 1
583 938 1
584 583 1
584 586 1
584 585 1
584 1378 1
585 584 1
585 589 1
585 590 1
585 1367 1
586 584 1
586 587 1
586 595 1
586 1382 1
587 586 1
587 583 1
587 588 1
587 947 1
588 587 1
588 591 1
588 594 1
588 954 1
589 585 1
589 593 1
589 590 1
589 708 1
590 585 1
590 599 1
590 589 1
590 1372 1
591 592 1
591 588 1
591 22 1
591 919 1
592 583 1
592 10 1
592 591 1
592 912 1
593 589 1
593 6 1
593 7 1
593 707 1
594 588 1
594 595 1
594 596 1
594 1220 1
595 596 1
595 586 1
595 594 1
595 398 1
596 597 1
596 595 1
596 594 1
596 1222 1
597 596 1
597 600 1
597 598 1
597 1222 1
598 597 1
598 23 1
598 601 1
598 1221 1
599 590 1
599 600 1
599 601 1
599 1372 1
600 599 1
600 597 1
600 601 1
600 1387 1
601 598 1
601 599 1
601 600 1
601 1402 1
602 253 1
602 605 1
602 607 1
602 867 1
603 217 1
603 604 1
603 605 1
603 1248 1
604 605 1
604 609 1
604 603 1
604 1351 1
605 602 1
605 604 1
605 603 1
605 1250 1
606 324 1
606 254 1
606 608 1
606 257 1
607 602 1
607 611 1
607 608 1
607 866 1
608 607 1
608 606 1
608 610 1
608 443 1
609 604 1
609 614 1
609 216 1
609 1239 1
610 230 1
610 608 1
610 612 1
610 308 1
611 607 1
611 218 1
611 612 1
611 932 1
612 611 1
612 610 1
612 227 1
612 932 1
613 614 1
613 252 1
613 323 1
613 942 1
614 609 1
614 613 1
614 326 1
614 941 1
615 616 1
615 617 1
615 620 1
615 1062 1
616 615 1
616 619 1
616 624 1
616 511 1
617 615 1
617 619 1
617 618 1
617 886 1
618 621 1
618 619 1
618 617 1
618 885 1
619 617 1
619 616 1
619 618 1
619 509 1
620 615 1
620 622 1
620 626 1
620 1066 1
621 623 1
621 618 1
621 622 1
621 738 1
622 621 1
622 620 1
622 623 1
622 1373 1
623 621 1
623 625 1
623 622 1
623 1232 1
624 616 1
624 625 1
624 626 1
624 1063 1
625 624 1
625 623 1
625 626 1
625 1310 1
626 624 1
626 620 1
626 625 1
626 1069 1
627 280 1
627 629 1
627 628 1
627 1449 1
628 627 1
628 631 1
628 290 1
628 1390 1
629 277 1
629 627 1
629 630 1
629 1455 1
630 629 1
630 631 1
630 632 1
630 472 1
631 630 1
631 628 1
631 293 1
631 775 1
632 630 1
632 276 1
632 291 1
632 473 1
633 634 1
633 635 1
633 507 1
633 1176 1
634 633 1
634 568 1
634 576 1
634 1177 1
635 566 1
635 633 1
635 640 1
635 1185 1
636 637 1
636 491 1
636 492 1
636 1407 1
637 572 1
637 636 1
637 577 1
637 1407 1
638 506 1
638 639 1
638 641 1
638 1009 1
639 642 1
639 644 1
639 638 1
639 773 1
640 635 1
640 641 1
640 643 1
640 1075 1
641 640 1
641 638 1
641 642 1
641 1011 1
642 643 1
642 639 1
642 641 1
642 125 1
643 567 1
643 642 1
643 640 1
643 1074 1
644 639 1
644 647 1
644 646 1
644 773 1
645 503 1
645 573 1
645 648 1
645 1107 1
646 644 1
646 504 1
646 647 1
646 771 1
647 644 1
647 648 1
647 646 1
647 774 1
648 647 1
648 575 1
648 645 1
648 1108 1
649 494 1
649 657 1
649 651 1
649 489 1
650 656 1
650 653 1
650 495 1
650 973 1
651 649 1
651 661 1
651 652 1
651 1244 1
652 654 1
652 48 1
652 651 1
652 1172 1
653 650 1
653 662 1
653 666 1
653 90 1
654 663 1
654 652 1
654 665 1
654 1106 1
655 656 1
655 664 1
655 659 1
655 1028 1
656 655 1
656 650 1
656 658 1
656 973 1
657 658 1
657 649 1
657 661 1
657 976 1
658 656 1
658 657 1
658 659 1
658 975 1
659 655 1
659 660 1
659 658 1
659 1031 1
660 659 1
660 32 1
660 661 1
660 28 1
661 657 1
661 651 1
661 660 1
661 1243 1
662 653 1
662 89 1
662 663 1
662 91 1
663 107 1
663 654 1
663 662 1
663 957 1
664 100 1
664 655 1
664 33 1
664 101 1
665 654 1
665 501 1
665 666 1
665 1106 1
666 502 1
666 653 1
666 665 1
666 1107 1
667 668 1
667 672 1
667 670 1
667 1033 1
668 667 1
668 671 1
668 669 1
668 989 1
669 457 1
669 668 1
669 679 1
669 989 1
670 676 1
670 667 1
670 677 1
670 1033 1
671 668 1
671 672 1
671 674 1
671 1442 1
672 671 1
672 667 1
672 673 1
672 1099 1
673 672 1
673 678 1
673 674 1
673 1102 1
674 675 1
674 673 1
674 671 1
674 1275 1
675 29 1
675 674 1
675 456 1
675 1247 1
676 670 1
676 682 1
676 677 1
676 739 1
677 670 1
677 676 1
677 680 1
677 734 1
678 673 1
678 681 1
678 683 1
678 1101 1
679 35 1
679 669 1
679 680 1
679 988 1
680 679 1
680 677 1
680 36 1
680 737 1
681 678 1
681 682 1
681 683 1
681 877 1
682 681 1
682 676 1
682 51 1
682 739 1
683 678 1
683 52 1
683 681 1
683 1133 1
684 691 1
684 688 1
684 692 1
684 1318 1
685 695 1
685 686 1
685 688 1
685 1448 1
686 685 1
686 700 1
686 687 1
686 405 1
687 437 1
687 688 1
687 686 1
687 1356 1
688 684 1
688 685 1
688 687 1
688 1447 1
689 701 1
689 703 1
689 697 1
689 994 1
690 691 1
690 696 1
690 693 1
690 1182 1
691 690 1
691 684 1
691 694 1
691 1183 1
692 684 1
692 698 1
692 694 1
692 382 1
693 699 1
693 690 1
693 694 1
693 1184 1
694 692 1
694 691 1
694 693 1
694 1179 1
695 685 1
695 704 1
695 696 1
695 1086 1
696 695 1
696 690 1
696 697 1
696 1093 1
697 696 1
697 689 1
697 705 1
697 1095 1
698 692 1
698 438 1
698 699 1
698 381 1
699 693 1
699 702 1
699 698 1
699 1184 1
700 686 1
700 701 1
700 436 1
700 435 1
701 700 1
701 689 1
701 702 1
701 1006 1
702 701 1
702 699 1
702 439 1
702 1014 1
703 689 1
703 704 1
703 705 1
703 1388 1
704 703 1
704 695 1
704 705 1
704 1076 1
705 703 1
705 697 1
705 704 1
705 1090 1
706 182 1
706 711 1
706 708 1
706 1302 1
707 4 1
707 710 1
707 708 1
707 593 1
708 706 1
708 714 1
708 707 1
708 589 1
709 710 1
709 242 1
709 424 1
709 900 1
710 707 1
710 709 1
710 713 1
710 1156 1
711 712 1
711 706 1
711 713 1
711 1302 1
712 420 1
712 711 1
712 713 1
712 1150 1
713 711 1
713 710 1
713 712 1
713 1155 1
714 708 1
714 184 1
714 716 1
714 1367 1
715 5 1
715 716 1
715 718 1
715 936 1
716 715 1
716 714 1
716 194 1
716 1420 1
717 239 1
717 719 1
717 718 1
717 1443 1
718 246 1
718 715 1
718 717 1
718 941 1
719 717 1
719 192 1
719 193 1
719 1350 1
720 721 1
720 729 1
720 722 1
720 1009 1
721 339 1
721 720 1
721 723 1
721 346 1
722 727 1
722 720 1
722 723 1
722 769 1
723 721 1
723 722 1
723 724 1
723 116 1
724 723 1
724 342 1
724 725 1
724 115 1
725 341 1
725 726 1
725 724 1
725 1208 1
726 725 1
726 728 1
726 727 1
726 767 1
727 728 1
727 722 1
727 726 1
727 769 1
728 726 1
728 730 1
728 727 1
728 771 1
729 720 1
729 731 1
729 730 1
729 1338 1
730 728 1
730 731 1
730 729 1
730 487 1
731 730 1
731 338 1
731 729 1
731 1337 1
732 738 1
732 733 1
732 736 1
732 1290 1
733 735 1
733 734 1
733 732 1
733 1035 1
734 733 1
734 677 1
734 737 1
734 1034 1
735 733 1
735 742 1
735 741 1
735 878 1
736 732 1
736 743 1
736 737 1
736 1289 1
737 734 1
737 736 1
737 680 1
737 1288 1
738 732 1
738 740 1
738 744 1
738 621 1
739 676 1
739 742 1
739 682 1
739 873 1
740 741 1
740 738 1
740 526 1
740 885 1
741 735 1
741 740 1
741 742 1
741 880 1
742 739 1
742 735 1
742 741 1
742 873 1
743 736 1
743 40 1
743 39 1
743 1289 1
744 41 1
744 738 1
744 512 1
744 1232 1
745 747 1
745 751 1
745 62 1
745 904 1
746 748 1
746 750 1
746 71 1
746 931 1
747 745 1
747 748 1
747 749 1
747 903 1
748 747 1
748 746 1
748 749 1
748 935 1
749 747 1
749 61 1
749 748 1
749 907 1
750 746 1
750 751 1
750 753 1
750 1249 1
751 750 1
751 745 1
751 752 1
751 1067 1
752 64 1
752 751 1
752 753 1
752 1312 1
753 750 1
753 75 1
753 752 1
753 1248 1
754 755 1
754 532 1
754 756 1
754 527 1
755 754 1
755 369 1
755 756 1
755 365 1
756 755 1
756 754 1
756 161 1
756 561 1
757 759 1
757 533 1
757 162 1
757 1059 1
758 531 1
758 761 1
758 534 1
758 806 1
759 757 1
759 766 1
759 762 1
759 1057 1
760 160 1
760 372 1
760 763 1
760 165 1
761 758 1
761 764 1
761 765 1
761 813 1
762 759 1
762 763 1
762 766 1
762 1060 1
763 762 1
763 760 1
763 371 1
763 1061 1
764 761 1
764 370 1
764 765 1
764 1429 1
765 761 1
765 766 1
765 764 1
765 1431 1
766 765 1
766 759 1
766 762 1
766 1431 1
767 726 1
767 768 1
767 120 1
767 1208 1
768 770 1
768 119 1
768 767 1
768 1404 1
769 727 1
769 772 1
769 773 1
769 722 1
770 768 1
770 774 1
770 771 1
770 923 1
771 770 1
771 728 1
771 646 1
771 499 1
772 127 1
772 769 1
772 773 1
772 126 1
773 769 1
773 772 1
773 644 1
773 639 1
774 128 1
774 770 1
774 647 1
774 1108 1
775 778 1
775 631 1
775 776 1
775 1388 1
776 783 1
776 775 1
776 779 1
776 1389 1
777 471 1
777 778 1
777 780 1
777 1460 1
778 777 1
778 775 1
778 779 1
778 1076 1
779 778 1
779 776 1
779 780 1
779 1077 1
780 777 1
780 782 1
780 779 1
780 1458 1
781 474 1
781 784 1
781 782 1
781 1391 1
782 780 1
782 781 1
782 785 1
782 1421 1
783 784 1
783 776 1
783 785 1
783 1389 1
784 781 1
784 783 1
784 785 1
784 1203 1
785 783 1
785 782 1
785 784 1
785 1422 1
786 202 1
786 787 1
786 789 1
786 205 1
787 786 1
787 539 1
787 788 1
787 1446 1
788 789 1
788 787 1
788 559 1
788 1098 1
789 790 1
789 786 1
789 788 1
789 1082 1
790 789 1
790 791 1
790 793 1
790 1079 1
791 792 1
791 790 1
791 150 1
791 1422 1
792 209 1
792 791 1
792 149 1
792 1426 1
793 790 1
793 795 1
793 794 1
793 1054 1
794 793 1
794 151 1
794 335 1
794 1049 1
795 793 1
795 796 1
795 798 1
795 1056 1
796 795 1
796 558 1
796 797 1
796 1092 1
797 545 1
797 798 1
797 796 1
797 909 1
798 797 1
798 336 1
798 795 1
798 915 1
799 800 1
799 803 1
799 801 1
799 884 1
800 806 1
800 799 1
800 801 1
800 529 1
801 800 1
801 799 1
801 802 1
801 1294 1
802 801 1
802 805 1
802 807 1
802 926 1
803 799 1
803 804 1
803 805 1
803 884 1
804 803 1
804 810 1
804 805 1
804 882 1
805 802 1
805 803 1
805 804 1
805 821 1
806 800 1
806 813 1
806 808 1
806 758 1
807 802 1
807 809 1
807 811 1
807 927 1
808 806 1
808 809 1
808 814 1
808 537 1
809 808 1
809 807 1
809 815 1
809 964 1
810 804 1
810 812 1
810 811 1
810 923 1
811 807 1
811 810 1
811 816 1
811 924 1
812 810 1
812 813 1
812 816 1
812 1108 1
813 812 1
813 806 1
813 814 1
813 761 1
814 813 1
814 808 1
814 815 1
814 1427 1
815 816 1
815 809 1
815 814 1
815 1432 1
816 811 1
816 815 1
816 812 1
816 1107 1
817 818 1
817 829 1
817 819 1
817 881 1
818 817 1
818 830 1
818 820 1
818 883 1
819 817 1
819 826 1
819 821 1
819 884 1
820 821 1
820 818 1
820 822 1
820 883 1
821 819 1
821 820 1
821 823 1
821 805 1
822 824 1
822 820 1
822 823 1
822 922 1
823 821 1
823 825 1
823 822 1
823 926 1
824 822 1
824 831 1
824 828 1
824 960 1
825 826 1
825 823 1
825 828 1
825 965 1
826 819 1
826 827 1
826 825 1
826 1294 1
827 826 1
827 832 1
827 828 1
827 1293 1
828 825 1
828 824 1
828 827 1
828 956 1
829 817 1
829 830 1
829 832 1
829 1316 1
830 829 1
830 818 1
830 831 1
830 1170 1
831 830 1
831 824 1
831 832 1
831 960 1
832 827 1
832 829 1
832 831 1
832 1209 1
833 834 1
833 835 1
833 838 1
833 1362 1
834 833 1
834 836 1
834 837 1
834 1398 1
835 836 1
835 833 1
835 842 1
835 1217 1
836 834 1
836 835 1
836 837 1
836 1435 1
837 834 1
837 839 1
837 836 1
837 1402 1
838 833 1
838 841 1
838 840 1
838 1400 1
839 837 1
839 840 1
839 842 1
839 1221 1
840 839 1
840 838 1
840 841 1
840 1221 1
841 842 1
841 838 1
841 840 1
841 20 1
842 835 1
842 841 1
842 839 1
842 1217 1
843 846 1
843 844 1
843 320 1
843 550 1
844 843 1
844 14 1
844 845 1
844 315 1
845 844 1
845 322 1
845 321 1
845 928 1
846 848 1
846 843 1
846 847 1
846 547 1
847 325 1
847 846 1
847 848 1
847 327 1
848 846 1
848 9 1
848 847 1
848 918 1
849 853 1
849 850 1
849 450 1
849 1196 1
850 852 1
850 27 1
850 849 1
850 1031 1
851 859 1
851 863 1
851 855 1
851 946 1
852 850 1
852 865 1
852 861 1
852 1030 1
853 856 1
853 849 1
853 854 1
853 1052 1
854 853 1
854 860 1
854 855 1
854 1049 1
855 851 1
855 856 1
855 854 1
855 333 1
856 853 1
856 862 1
856 855 1
856 1050 1
857 34 1
857 454 1
857 858 1
857 993 1
858 859 1
858 38 1
858 857 1
858 140 1
859 851 1
859 858 1
859 860 1
859 136 1
860 455 1
860 854 1
860 859 1
860 1198 1
861 852 1
861 862 1
861 865 1
861 1168 1
862 861 1
862 856 1
862 863 1
862 1168 1
863 864 1
863 851 1
863 862 1
863 943 1
864 37 1
864 865 1
864 863 1
864 1235 1
865 864 1
865 852 1
865 861 1
865 1167 1
866 442 1
866 869 1
866 607 1
866 930 1
867 602 1
867 870 1
867 871 1
867 1250 1
868 445 1
868 869 1
868 262 1
868 1271 1
869 868 1
869 866 1
869 870 1
869 1251 1
870 869 1
870 867 1
870 871 1
870 1251 1
871 265 1
871 867 1
871 870 1
871 1292 1
872 874 1
872 878 1
872 873 1
872 1033 1
873 872 1
873 742 1
873 877 1
873 739 1
874 872 1
874 875 1
874 877 1
874 1099 1
875 874 1
875 879 1
875 876 1
875 1131 1
876 877 1
876 880 1
876 875 1
876 1132 1
877 873 1
877 874 1
877 876 1
877 681 1
878 879 1
878 872 1
878 735 1
878 1035 1
879 875 1
879 878 1
879 880 1
879 1462 1
880 741 1
880 876 1
880 879 1
880 889 1
881 884 1
881 882 1
881 817 1
882 881 1
882 804 1
882 883 1
882 923 1
883 882 1
883 818 1
883 820 1
883 925 1
884 881 1
884 803 1
884 819 1
884 799 1
885 618 1
885 523 1
885 889 1
885 740 1
886 617 1
886 887 1
886 889 1
886 1462 1
887 886 1
887 892 1
887 888 1
887 1305 1
888 889 1
888 524 1
888 887 1
888 1306 1
889 886 1
889 885 1
889 888 1
889 880 1
890 513 1
890 893 1
890 891 1
890 1349 1
891 514 1
891 894 1
891 890 1
891 1141 1
892 887 1
892 893 1
892 895 1
892 1304 1
893 892 1
893 890 1
893 894 1
893 173 1
894 891 1
894 895 1
894 893 1
894 1140 1
895 894 1
895 521 1
895 892 1
895 1140 1
896 897 1
896 899 1
896 233 1
896 1277 1
897 896 1
897 898 1
897 235 1
897 1276 1
898 897 1
898 426 1
898 237 1
898 1260 1
899 901 1
899 896 1
899 900 1
899 1157 1
900 241 1
900 899 1
900 709 1
900 1158 1
901 422 1
901 899 1
901 423 1
901 361 1
902 903 1
902 904 1
902 905 1
903 902 1
903 747 1
903 906 1
903 933 1
904 745 1
904 902 1
904 63 1
904 1064 1
905 902 1
905 906 1
905 60 1
905 967 1
906 905 1
906 903 1
906 907 1
906 966 1
907 749 1
907 906 1
907 59 1
907 966 1
908 909 1
908 913 1
908 910 1
908 952 1
909 915 1
909 921 1
909 908 1
909 797 1
910 908 1
910 911 1
910 916 1
910 951 1
911 910 1
911 912 1
911 914 1
911 939 1
912 911 1
912 592 1
912 8 1
912 938 1
913 908 1
913 920 1
913 919 1
913 955 1
914 911 1
914 329 1
914 917 1
914 940 1
915 331 1
915 909 1
915 916 1
915 798 1
916 915 1
916 910 1
916 917 1
916 1053 1
917 914 1
917 916 1
917 332 1
917 1053 1
918 21 1
918 848 1
918 921 1
918 1225 1
919 591 1
919 913 1
919 920 1
919 954 1
920 913 1
920 921 1
920 919 1
920 1224 1
921 909 1
921 918 1
921 920 1
921 1225 1
922 822 1
922 924 1
922 927 1
922 958 1
923 882 1
923 810 1
923 925 1
923 770 1
924 925 1
924 922 1
924 811 1
924 1103 1
925 883 1
925 923 1
925 924 1
925 1103 1
926 823 1
926 802 1
926 927 1
926 965 1
927 922 1
927 807 1
927 926 1
927 964 1
928 309 1
928 231 1
928 313 1
928 845 1
929 314 1
929 934 1
929 228 1
929 970 1
930 307 1
930 931 1
930 932 1
930 866 1
931 930 1
931 935 1
931 932 1
931 746 1
932 930 1
932 612 1
932 931 1
932 611 1
933 935 1
933 306 1
933 934 1
933 903 1
934 933 1
934 929 1
934 935 1
934 966 1
935 931 1
935 933 1
935 934 1
935 748 1
936 715 1
936 938 1
936 937 1
936 1420 1
937 936 1
937 940 1
937 939 1
937 1126 1
938 912 1
938 936 1
938 939 1
938 583 1
939 938 1
939 937 1
939 911 1
939 948 1
940 937 1
940 943 1
940 914 1
940 1125 1
941 718 1
941 944 1
941 614 1
941 1238 1
942 613 1
942 945 1
942 944 1
942 251 1
943 940 1
943 944 1
943 946 1
943 863 1
944 943 1
944 941 1
944 942 1
944 1233 1
945 942 1
945 328 1
945 946 1
945 250 1
946 943 1
946 330 1
946 945 1
946 851 1
947 950 1
947 587 1
947 948 1
947 1382 1
948 947 1
948 951 1
948 939 1
948 1111 1
949 953 1
949 955 1
949 952 1
949 1354 1
950 953 1
950 947 1
950 951 1
950 1322 1
951 950 1
951 948 1
951 910 1
951 1117 1
952 953 1
952 949 1
952 908 1
952 1092 1
953 949 1
953 950 1
953 952 1
953 1321 1
954 588 1
954 955 1
954 919 1
954 1223 1
955 954 1
955 949 1
955 913 1
955 1354 1
956 961 1
956 828 1
956 105 1
956 1212 1
957 958 1
957 959 1
957 663 1
957 1104 1
958 957 1
958 959 1
958 922 1
958 1103 1
959 958 1
959 957 1
959 963 1
959 1170 1
960 961 1
960 824 1
960 963 1
960 831 1
961 960 1
961 956 1
961 962 1
961 1209 1
962 961 1
962 108 1
962 963 1
962 1169 1
963 962 1
963 959 1
963 960 1
963 1170 1
964 927 1
964 92 1
964 417 1
964 809 1
965 418 1
965 825 1
965 926 1
965 1294 1
966 906 1
966 970 1
966 907 1
966 934 1
967 905 1
967 968 1
967 58 1
967 1339 1
968 967 1
968 969 1
968 57 1
968 1340 1
969 968 1
969 970 1
969 971 1
969 18 1
970 969 1
970 966 1
970 971 1
970 929 1
971 969 1
971 56 1
971 970 1
971 226 1
972 974 1
972 978 1
972 493 1
972 1021 1
973 656 1
973 974 1
973 650 1
973 1032 1
974 973 1
974 972 1
974 490 1
974 1032 1
975 658 1
975 979 1
975 976 1
975 1027 1
976 657 1
976 977 1
976 975 1
976 1327 1
977 976 1
977 983 1
977 980 1
977 1327 1
978 972 1
978 979 1
978 982 1
978 1021 1
979 978 1
979 975 1
979 981 1
979 1027 1
980 977 1
980 981 1
980 986 1
980 1333 1
981 980 1
981 979 1
981 982 1
981 1347 1
982 978 1
982 508 1
982 981 1
982 1178 1
983 977 1
983 498 1
983 985 1
983 1334 1
984 505 1
984 496 1
984 987 1
984 1009 1
985 983 1
985 986 1
985 987 1
985 1334 1
986 985 1
986 980 1
986 987 1
986 1333 1
987 984 1
987 986 1
987 985 1
987 998 1
988 989 1
988 990 1
988 679 1
988 1288 1
989 988 1
989 991 1
989 669 1
989 668 1
990 988 1
990 991 1
990 993 1
990 1464 1
991 990 1
991 989 1
991 992 1
991 1467 1
992 991 1
992 453 1
992 993 1
992 1284 1
993 857 1
993 990 1
993 992 1
993 1463 1
994 1000 1
994 1006 1
994 995 1
994 689 1
995 994 1
995 996 1
995 999 1
995 1180 1
996 995 1
996 1001 1
996 998 1
996 1010 1
997 349 1
997 1007 1
997 1003 1
997 1072 1
998 996 1
998 999 1
998 351 1
998 987 1
999 1000 1
999 995 1
999 998 1
999 1396 1
1000 350 1
1000 994 1
1000 999 1
1000 1450 1
1001 996 1
1001 1002 1
1001 1004 1
1001 1010 1
1002 1001 1
1002 1005 1
1002 1003 1
1002 1011 1
1003 1004 1
1003 997 1
1003 1002 1
1003 1008 1
1004 352 1
1004 1001 1
1004 1003 1
1004 344 1
1005 1002 1
1005 1006 1
1005 1007 1
1005 1014 1
1006 994 1
1006 1007 1
1006 1005 1
1006 701 1
1007 1006 1
1007 997 1
1007 1005 1
1007 1012 1
1008 118 1
1008 345 1
1008 1003 1
1008 1073 1
1009 720 1
1009 1010 1
1009 638 1
1009 984 1
1010 1001 1
1010 1009 1
1010 1011 1
1010 996 1
1011 1002 1
1011 641 1
1011 1010 1
1011 1075 1
1012 434 1
1012 1013 1
1012 1007 1
1012 1072 1
1013 433 1
1013 1012 1
1013 1014 1
1013 1074 1
1014 1013 1
1014 1005 1
1014 702 1
1014 1075 1
1015 294 1
1015 1016 1
1015 1018 1
1015 1451 1
1016 1015 1
1016 1017 1
1016 469 1
1016 1455 1
1017 1016 1
1017 299 1
1017 470 1
1017 1456 1
1018 1015 1
1018 1019 1
1018 1020 1
1018 1451 1
1019 1018 1
1019 468 1
1019 1020 1
1019 1460 1
1020 298 1
1020 1019 1
1020 1018 1
1020 1279 1
1021 1024 1
1021 972 1
1021 978 1
1021 1160 1
1022 1025 1
1022 1023 1
1022 1029 1
1022 1161 1
1023 1022 1
1023 1024 1
1023 1030 1
1023 1159 1
1024 1023 1
1024 1021 1
1024 1026 1
1024 1159 1
1025 1022 1
1025 1032 1
1025 1028 1
1025 1406 1
1026 1024 1
1026 1027 1
1026 1031 1
1026 1196 1
1027 1026 1
1027 979 1
1027 975 1
1027 1195 1
1028 1025 1
1028 1029 1
1028 655 1
1028 1409 1
1029 1022 1
1029 1030 1
1029 1028 1
1029 1167 1
1030 1029 1
1030 1023 1
1030 1031 1
1030 852 1
1031 1026 1
1031 1030 1
1031 659 1
1031 850 1
1032 974 1
1032 1025 1
1032 973 1
1032 1408 1
1033 1034 1
1033 872 1
1033 670 1
1033 667 1
1034 1033 1
1034 1035 1
1034 734 1
1034 1288 1
1035 878 1
1035 1034 1
1035 733 1
1035 1290 1
1036 1037 1
1036 1038 1
1036 1042 1
1036 400 1
1037 1036 1
1037 1039 1
1037 1041 1
1037 1298 1
1038 1039 1
1038 1036 1
1038 1040 1
1038 1419 1
1039 1037 1
1039 1038 1
1039 1045 1
1039 1335 1
1040 1038 1
1040 1043 1
1040 1044 1
1040 1419 1
1041 1042 1
1041 1037 1
1041 1046 1
1041 1355 1
1042 1036 1
1042 1041 1
1042 1043 1
1042 1417 1
1043 1042 1
1043 1040 1
1043 1044 1
1043 1417 1
1044 1040 1
1044 1047 1
1044 1043 1
1044 1353 1
1045 1046 1
1045 1039 1
1045 1047 1
1045 1097 1
1046 1041 1
1046 1045 1
1046 1047 1
1046 1355 1
1047 1045 1
1047 1044 1
1047 1046 1
1047 1353 1
1048 359 1
1048 419 1
1048 357 1
1048 1150 1
1049 794 1
1049 854 1
1049 1051 1
1049 1198 1
1050 856 1
1050 1055 1
1050 1052 1
1050 1113 1
1051 1049 1
1051 1054 1
1051 1052 1
1051 1204 1
1052 1050 1
1052 853 1
1052 1051 1
1052 1196 1
1053 1056 1
1053 917 1
1053 916 1
1053 1115 1
1054 1051 1
1054 793 1
1054 1055 1
1054 1087 1
1055 1050 1
1055 1056 1
1055 1054 1
1055 1088 1
1056 1055 1
1056 1053 1
1056 795 1
1056 1088 1
1057 1058 1
1057 1059 1
1057 759 1
1057 1427 1
1058 1057 1
1058 158 1
1058 187 1
1058 76 1
1059 157 1
1059 1057 1
1059 757 1
1059 536 1
1060 762 1
1060 186 1
1060 1061 1
1060 1375 1
1061 180 1
1061 763 1
1061 1060 1
1061 1207 1
1062 1064 1
1062 1066 1
1062 615 1
1062 1462 1
1063 1069 1
1063 1071 1
1063 624 1
1063 1313 1
1064 1062 1
1064 1067 1
1064 1065 1
1064 904 1
1065 1064 1
1065 1070 1
1065 1068 1
1065 70 1
1066 1067 1
1066 1062 1
1066 620 1
1066 1373 1
1067 1064 1
1067 1066 1
1067 1068 1
1067 751 1
1068 1065 1
1068 1069 1
1068 1067 1
1068 1312 1
1069 1068 1
1069 1063 1
1069 626 1
1069 1312 1
1070 518 1
1070 1065 1
1070 1071 1
1070 1315 1
1071 1063 1
1071 1070 1
1071 517 1
1071 1313 1
1072 122 1
1072 1012 1
1072 997 1
1072 1403 1
1073 117 1
1073 1008 1
1073 123 1
1073 343 1
1074 1013 1
1074 129 1
1074 643 1
1074 480 1
1075 640 1
1075 1014 1
1075 1011 1
1075 1186 1
1076 704 1
1076 1081 1
1076 1077 1
1076 778 1
1077 1078 1
1077 1080 1
1077 1076 1
1077 779 1
1078 1077 1
1078 1079 1
1078 1087 1
1078 1389 1
1079 1078 1
1079 1080 1
1079 790 1
1079 1422 1
1080 1079 1
1080 1077 1
1080 1082 1
1080 1457 1
1081 1076 1
1081 1098 1
1081 1082 1
1081 1445 1
1082 1081 1
1082 1080 1
1082 789 1
1082 1445 1
1083 1084 1
1083 1093 1
1083 1086 1
1083 1352 1
1084 1083 1
1084 1092 1
1084 1085 1
1084 1352 1
1085 1086 1
1085 1096 1
1085 1084 1
1085 1355 1
1086 1085 1
1086 695 1
1086 1083 1
1086 1448 1
1087 1078 1
1087 1091 1
1087 1054 1
1087 1204 1
1088 1056 1
1088 1089 1
1088 1055 1
1088 1115 1
1089 1088 1
1089 1094 1
1089 1091 1
1089 1122 1
1090 1091 1
1090 705 1
1090 1095 1
1090 1187 1
1091 1087 1
1091 1090 1
1091 1089 1
1091 1188 1
1092 1084 1
1092 796 1
1092 1097 1
1092 952 1
1093 1094 1
1093 1083 1
1093 696 1
1093 1182 1
1094 1089 1
1094 1093 1
1094 1095 1
1094 1182 1
1095 697 1
1095 1090 1
1095 1094 1
1095 1180 1
1096 1098 1
1096 1085 1
1096 1097 1
1096 1355 1
1097 1092 1
1097 1096 1
1097 560 1
1097 1045 1
1098 1081 1
1098 1096 1
1098 788 1
1098 1446 1
1099 672 1
1099 874 1
1099 1100 1
1099 1130 1
1100 1099 1
1100 1102 1
1100 1101 1
1100 1130 1
1101 678 1
1101 1100 1
1101 1102 1
1101 1129 1
1102 1100 1
1102 673 1
1102 1101 1
1102 1272 1
1103 925 1
1103 1104 1
1103 924 1
1103 958 1
1104 1103 1
1104 1105 1
1104 1106 1
1104 957 1
1105 1104 1
1105 500 1
1105 1106 1
1105 1171 1
1106 1104 1
1106 665 1
1106 1105 1
1106 654 1
1107 666 1
1107 816 1
1107 645 1
1107 1432 1
1108 774 1
1108 812 1
1108 648 1
1108 1295 1
1109 1113 1
1109 1125 1
1109 1114 1
1109 1168 1
1110 1111 1
1110 1116 1
1110 1119 1
1110 1164 1
1111 948 1
1111 1110 1
1111 1112 1
1111 1166 1
1112 1111 1
1112 1127 1
1112 1126 1
1112 1165 1
1113 1115 1
1113 1109 1
1113 1114 1
1113 1050 1
1114 1113 1
1114 1109 1
1114 1120 1
1114 1159 1
1115 1053 1
1115 1113 1
1115 1122 1
1115 1088 1
1116 1110 1
1116 1117 1
1116 1118 1
1116 1252 1
1117 1116 1
1117 951 1
1117 1118 1
1117 1322 1
1118 1117 1
1118 1121 1
1118 1116 1
1118 1181 1
1119 1110 1
1119 1120 1
1119 1124 1
1119 1162 1
1120 1119 1
1120 1114 1
1120 1123 1
1120 1160 1
1121 1118 1
1121 1122 1
1121 1124 1
1121 1181 1
1122 1121 1
1122 1115 1
1122 1123 1
1122 1089 1
1123 1120 1
1123 1122 1
1123 1124 1
1123 1178 1
1124 1121 1
1124 1119 1
1124 1123 1
1124 1177 1
1125 1109 1
1125 940 1
1125 1127 1
1125 1168 1
1126 1112 1
1126 937 1
1126 1127 1
1126 1410 1
1127 1125 1
1127 1112 1
1127 1126 1
1127 1167 1
1128 1130 1
1128 1131 1
1128 1129 1
1128 1397 1
1129 1128 1
1129 1135 1
1129 1101 1
1129 1272 1
1130 1099 1
1130 1128 1
1130 1100 1
1130 1397 1
1131 1128 1
1131 875 1
1131 1132 1
1131 1461 1
1132 1131 1
1132 1136 1
1132 876 1
1132 1317 1
1133 683 1
1133 1134 1
1133 1137 1
1133 53 1
1134 1133 1
1134 1135 1
1134 1137 1
1134 46 1
1135 1129 1
1135 1136 1
1135 1134 1
1135 1171 1
1136 1135 1
1136 1132 1
1136 1137 1
1136 1173 1
1137 1133 1
1137 1136 1
1137 1134 1
1137 1174 1
1138 520 1
1138 1143 1
1138 1147 1
1138 519 1
1139 1146 1
1139 1141 1
1139 1145 1
1139 1257 1
1140 894 1
1140 113 1
1140 895 1
1140 103 1
1141 1139 1
1141 891 1
1141 1142 1
1141 1258 1
1142 515 1
1142 1144 1
1142 1141 1
1142 1308 1
1143 1138 1
1143 1144 1
1143 1148 1
1143 1228 1
1144 1143 1
1144 1142 1
1144 1145 1
1144 1228 1
1145 1139 1
1145 1144 1
1145 1146 1
1145 1350 1
1146 1139 1
1146 112 1
1146 1145 1
1146 1175 1
1147 1138 1
1147 1148 1
1147 1149 1
1147 43 1
1148 1147 1
1148 1143 1
1148 1149 1
1148 1235 1
1149 1147 1
1149 111 1
1149 1148 1
1149 102 1
1150 1153 1
1150 712 1
1150 1048 1
1150 1303 1
1151 1152 1
1151 1157 1
1151 1154 1
1151 1357 1
1152 1151 1
1152 1155 1
1152 1153 1
1152 1363 1
1153 1152 1
1153 1150 1
1153 1154 1
1153 1360 1
1154 360 1
1154 1151 1
1154 1153 1
1154 1358 1
1155 1152 1
1155 1156 1
1155 713 1
1155 1400 1
1156 1155 1
1156 1158 1
1156 710 1
1156 2 1
1157 1158 1
1157 1151 1
1157 899 1
1157 1277 1
1158 1156 1
1158 1157 1
1158 900 1
1158 240 1
1159 1023 1
1159 1114 1
1159 1160 1
1159 1024 1
1160 1159 1
1160 1163 1
1160 1120 1
1160 1021 1
1161 1022 1
1161 1165 1
1161 1163 1
1161 1406 1
1162 1119 1
1162 1163 1
1162 1164 1
1162 578 1
1163 1160 1
1163 1161 1
1163 1162 1
1163 1407 1
1164 1162 1
1164 1110 1
1164 1166 1
1164 1253 1
1165 1161 1
1165 1112 1
1165 1166 1
1165 1411 1
1166 1165 1
1166 1164 1
1166 1111 1
1166 1379 1
1167 1127 1
1167 1029 1
1167 865 1
1167 1409 1
1168 1109 1
1168 861 1
1168 1125 1
1168 862 1
1169 962 1
1169 109 1
1169 1174 1
1169 1213 1
1170 959 1
1170 1173 1
1170 963 1
1170 830 1
1171 1105 1
1171 1135 1
1171 1172 1
1171 1245 1
1172 652 1
1172 1171 1
1172 47 1
1172 1245 1
1173 1170 1
1173 1136 1
1173 1174 1
1173 1317 1
1174 1169 1
1174 1137 1
1174 1173 1
1174 1306 1
1175 196 1
1175 175 1
1175 99 1
1175 1146 1
1176 1178 1
1176 1185 1
1176 1177 1
1176 633 1
1177 1176 1
1177 1179 1
1177 1124 1
1177 634 1
1178 1176 1
1178 1188 1
1178 1123 1
1178 982 1
1179 1177 1
1179 694 1
1179 1181 1
1179 385 1
1180 1186 1
1180 1187 1
1180 1095 1
1180 995 1
1181 1121 1
1181 1179 1
1181 1183 1
1181 1118 1
1182 690 1
1182 1094 1
1182 1183 1
1182 1093 1
1183 691 1
1183 1181 1
1183 1182 1
1183 1320 1
1184 693 1
1184 1185 1
1184 1186 1
1184 699 1
1185 1176 1
1185 1186 1
1185 1184 1
1185 635 1
1186 1185 1
1186 1180 1
1186 1184 1
1186 1075 1
1187 1180 1
1187 1188 1
1187 1090 1
1187 1395 1
1188 1187 1
1188 1178 1
1188 1091 1
1188 1344 1
1189 430 1
1189 1190 1
1189 376 1
1189 1219 1
1190 1189 1
1190 484 1
1190 1192 1
1190 1433 1
1191 395 1
1191 485 1
1191 1192 1
1191 1385 1
1192 1190 1
1192 394 1
1192 1191 1
1192 1383 1
1193 1194 1
1193 1201 1
1193 1195 1
1193 1345 1
1194 448 1
1194 1193 1
1194 1195 1
1194 451 1
1195 1193 1
1195 1196 1
1195 1194 1
1195 1027 1
1196 1195 1
1196 1052 1
1196 849 1
1196 1026 1
1197 1203 1
1197 1198 1
1197 1200 1
1197 145 1
1198 1197 1
1198 1049 1
1198 860 1
1198 141 1
1199 460 1
1199 1202 1
1199 1200 1
1199 1286 1
1200 1197 1
1200 463 1
1200 1199 1
1200 1282 1
1201 1193 1
1201 1202 1
1201 1206 1
1201 1345 1
1202 1201 1
1202 1199 1
1202 1203 1
1202 1391 1
1203 1197 1
1203 1205 1
1203 1202 1
1203 784 1
1204 1051 1
1204 1206 1
1204 1205 1
1204 1087 1
1205 1204 1
1205 1203 1
1205 1206 1
1205 1389 1
1206 1204 1
1206 1201 1
1206 1205 1
1206 1344 1
1207 362 1
1207 1061 1
1207 368 1
1207 1414 1
1208 767 1
1208 725 1
1208 114 1
1208 1405 1
1209 1211 1
1209 1210 1
1209 961 1
1209 832 1
1210 1211 1
1210 1209 1
1210 1213 1
1210 1304 1
1211 1209 1
1211 1210 1
1211 1212 1
1211 1293 1
1212 1211 1
1212 956 1
1212 104 1
1212 1293 1
1213 1169 1
1213 1210 1
1213 106 1
1213 1304 1
1214 310 1
1214 212 1
1214 1216 1
1214 1468 1
1215 200 1
1215 557 1
1215 214 1
1215 554 1
1216 312 1
1216 1214 1
1216 556 1
1216 549 1
1217 1218 1
1217 409 1
1217 842 1
1217 835 1
1218 1217 1
1218 1219 1
1218 1222 1
1218 1438 1
1219 1218 1
1219 410 1
1219 1220 1
1219 1189 1
1220 1219 1
1220 594 1
1220 1223 1
1220 377 1
1221 598 1
1221 839 1
1221 840 1
1221 1402 1
1222 596 1
1222 1218 1
1222 597 1
1222 1386 1
1223 1220 1
1223 411 1
1223 954 1
1223 392 1
1224 412 1
1224 1225 1
1224 920 1
1224 1419 1
1225 1224 1
1225 918 1
1225 921 1
1225 1335 1
1226 1228 1
1226 1230 1
1226 1236 1
1226 1309 1
1227 1231 1
1227 1239 1
1227 1234 1
1227 1351 1
1228 1143 1
1228 1226 1
1228 1237 1
1228 1144 1
1229 1230 1
1229 510 1
1229 1232 1
1229 1310 1
1230 1226 1
1230 1229 1
1230 1231 1
1230 1311 1
1231 1227 1
1231 1230 1
1231 1232 1
1231 1351 1
1232 1229 1
1232 744 1
1232 1231 1
1232 623 1
1233 1234 1
1233 1238 1
1233 1235 1
1233 944 1
1234 1227 1
1234 45 1
1234 1233 1
1234 1292 1
1235 1233 1
1235 1148 1
1235 44 1
1235 864 1
1236 1226 1
1236 1237 1
1236 1239 1
1236 220 1
1237 1236 1
1237 1228 1
1237 1238 1
1237 1443 1
1238 1239 1
1238 1233 1
1238 1237 1
1238 941 1
1239 1236 1
1239 1227 1
1239 1238 1
1239 609 1
1240 1243 1
1240 452 1
1240 459 1
1240 1327 1
1241 1242 1
1241 1245 1
1241 1246 1
1241 1274 1
1242 1241 1
1242 1244 1
1242 1243 1
1242 1331 1
1243 1240 1
1243 661 1
1243 1242 1
1243 1327 1
1244 1242 1
1244 1245 1
1244 651 1
1244 1337 1
1245 1244 1
1245 1241 1
1245 1172 1
1245 1171 1
1246 1241 1
1246 466 1
1246 1247 1
1246 1274 1
1247 1246 1
1247 675 1
1247 467 1
1247 1275 1
1248 753 1
1248 603 1
1248 74 1
1248 1311 1
1249 750 1
1249 1251 1
1249 1250 1
1249 1373 1
1250 605 1
1250 1249 1
1250 867 1
1250 1351 1
1251 869 1
1251 1249 1
1251 870 1
1251 1290 1
1252 1116 1
1252 388 1
1252 383 1
1252 1322 1
1253 1164 1
1253 389 1
1253 570 1
1253 1384 1
1254 1255 1
1254 1264 1
1254 1259 1
1254 1349 1
1255 1254 1
1255 1260 1
1255 1256 1
1255 427 1
1256 1257 1
1256 1266 1
1256 1255 1
1256 1350 1
1257 1256 1
1257 1258 1
1257 1259 1
1257 1139 1
1258 1257 1
1258 1261 1
1258 1259 1
1258 1141 1
1259 1254 1
1259 1258 1
1259 1257 1
1259 1349 1
1260 1255 1
1260 1263 1
1260 1262 1
1260 898 1
1261 1258 1
1261 1265 1
1261 1264 1
1261 1342 1
1262 1260 1
1262 1267 1
1262 1263 1
1262 1343 1
1263 1260 1
1263 1264 1
1263 1262 1
1263 1339 1
1264 1263 1
1264 1254 1
1264 1261 1
1264 1315 1
1265 1261 1
1265 1266 1
1265 1267 1
1265 219 1
1266 1265 1
1266 1256 1
1266 1267 1
1266 1443 1
1267 1266 1
1267 1262 1
1267 1265 1
1267 1343 1
1268 444 1
1268 1269 1
1268 131 1
1268 211 1
1269 1268 1
1269 1271 1
1269 1270 1
1269 1464 1
1270 1269 1
1270 130 1
1270 137 1
1270 1463 1
1271 1269 1
1271 868 1
1271 263 1
1271 1288 1
1272 1129 1
1272 1273 1
1272 1102 1
1272 1397 1
1273 1272 1
1273 1274 1
1273 1275 1
1273 1440 1
1274 1273 1
1274 1241 1
1274 1246 1
1274 1329 1
1275 674 1
1275 1273 1
1275 1247 1
1275 1441 1
1276 1277 1
1276 1278 1
1276 897 1
1276 1339 1
1277 1276 1
1277 234 1
1277 896 1
1277 1157 1
1278 243 1
1278 1276 1
1278 244 1
1278 1340 1
1279 1281 1
1279 1280 1
1279 297 1
1279 1020 1
1280 1281 1
1280 1279 1
1280 1282 1
1280 1425 1
1281 1279 1
1281 1280 1
1281 1286 1
1281 1421 1
1282 1283 1
1282 1280 1
1282 1200 1
1282 1424 1
1283 305 1
1283 1282 1
1283 1284 1
1283 1454 1
1284 1285 1
1284 1283 1
1284 462 1
1284 992 1
1285 304 1
1285 1284 1
1285 1287 1
1285 1467 1
1286 477 1
1286 1281 1
1286 1199 1
1286 1391 1
1287 478 1
1287 1285 1
1287 461 1
1287 286 1
1288 1271 1
1288 1034 1
1288 737 1
1288 988 1
1289 736 1
1289 1291 1
1289 1292 1
1289 743 1
1290 1035 1
1290 1251 1
1290 732 1
1290 1373 1
1291 1289 1
1291 264 1
1291 1292 1
1291 260 1
1292 871 1
1292 1289 1
1292 1291 1
1292 1234 1
1293 414 1
1293 827 1
1293 1212 1
1293 1211 1
1294 826 1
1294 562 1
1294 965 1
1294 801 1
1295 479 1
1295 1108 1
1295 574 1
1295 1429 1
1296 1300 1
1296 1298 1
1296 1297 1
1296 1468 1
1297 1296 1
1297 1299 1
1297 543 1
1297 1469 1
1298 1300 1
1298 1296 1
1298 1299 1
1298 1037 1
1299 1298 1
1299 1297 1
1299 541 1
1299 1446 1
1300 1296 1
1300 1298 1
1300 542 1
1300 540 1
1301 177 1
1301 1303 1
1301 1302 1
1301 1368 1
1302 1301 1
1302 706 1
1302 711 1
1302 1369 1
1303 363 1
1303 1301 1
1303 1150 1
1303 1412 1
1304 892 1
1304 1305 1
1304 1213 1
1304 1210 1
1305 887 1
1305 1304 1
1305 1306 1
1305 1316 1
1306 1174 1
1306 888 1
1306 1305 1
1306 1317 1
1307 516 1
1307 1310 1
1307 1308 1
1307 1313 1
1308 1142 1
1308 1309 1
1308 1307 1
1308 1342 1
1309 1308 1
1309 1226 1
1309 1311 1
1309 221 1
1310 1307 1
1310 1229 1
1310 1311 1
1310 625 1
1311 1230 1
1311 1309 1
1311 1310 1
1311 1248 1
1312 1068 1
1312 69 1
1312 1069 1
1312 752 1
1313 1063 1
1313 1314 1
1313 1071 1
1313 1307 1
1314 68 1
1314 1313 1
1314 1315 1
1314 1342 1
1315 1070 1
1315 67 1
1315 1314 1
1315 1264 1
1316 829 1
1316 1317 1
1316 1305 1
1316 1461 1
1317 1316 1
1317 1173 1
1317 1306 1
1317 1132 1
1318 684 1
1318 1319 1
1318 1326 1
1318 1447 1
1319 1318 1
1319 1320 1
1319 1323 1
1319 1352 1
1320 1319 1
1320 1183 1
1320 1321 1
1320 1352 1
1321 1320 1
1321 1324 1
1321 1322 1
1321 953 1
1322 1252 1
1322 1321 1
1322 1117 1
1322 950 1
1323 1319 1
1323 1324 1
1323 1326 1
1323 1353 1
1324 1323 1
1324 1321 1
1324 1325 1
1324 1354 1
1325 379 1
1325 1326 1
1325 1324 1
1325 391 1
1326 1325 1
1326 1318 1
1326 1323 1
1326 1416 1
1327 977 1
1327 1240 1
1327 1243 1
1327 976 1
1328 458 1
1328 1330 1
1328 283 1
1328 1393 1
1329 1332 1
1329 1274 1
1329 279 1
1329 278 1
1330 1328 1
1330 1333 1
1330 1332 1
1330 1394 1
1331 1332 1
1331 1242 1
1331 1334 1
1331 1336 1
1332 1329 1
1332 1331 1
1332 1330 1
1332 1449 1
1333 1330 1
1333 980 1
1333 986 1
1333 1347 1
1334 983 1
1334 1331 1
1334 985 1
1334 1336 1
1335 544 1
1335 1225 1
1335 546 1
1335 1039 1
1336 348 1
1336 1337 1
1336 1334 1
1336 1331 1
1337 731 1
1337 1336 1
1337 1338 1
1337 1244 1
1338 497 1
1338 729 1
1338 1337 1
1338 488 1
1339 1340 1
1339 967 1
1339 1263 1
1339 1276 1
1340 1339 1
1340 968 1
1340 1341 1
1340 1278 1
1341 1340 1
1341 1343 1
1341 215 1
1341 245 1
1342 1261 1
1342 222 1
1342 1314 1
1342 1308 1
1343 1341 1
1343 1262 1
1343 1267 1
1343 238 1
1344 1188 1
1344 1346 1
1344 1206 1
1344 1395 1
1345 1193 1
1345 1348 1
1345 1201 1
1345 1393 1
1346 1344 1
1346 1347 1
1346 1348 1
1346 1396 1
1347 981 1
1347 1348 1
1347 1346 1
1347 1333 1
1348 1347 1
1348 1345 1
1348 1346 1
1348 1394 1
1349 1254 1
1349 172 1
1349 1259 1
1349 890 1
1350 1256 1
1350 719 1
1350 1145 1
1350 1443 1
1351 604 1
1351 1231 1
1351 1227 1
1351 1250 1
1352 1084 1
1352 1319 1
1352 1320 1
1352 1083 1
1353 1323 1
1353 1047 1
1353 1354 1
1353 1044 1
1354 1324 1
1354 1353 1
1354 949 1
1354 955 1
1355 1096 1
1355 1085 1
1355 1046 1
1355 1041 1
1356 687 1
1356 406 1
1356 390 1
1356 1416 1
1357 1358 1
1357 1362 1
1357 1151 1
1358 1357 1
1358 1359 1
1358 1154 1
1358 353 1
1359 1358 1
1359 1361 1
1359 1360 1
1359 1413 1
1360 1153 1
1360 1359 1
1360 1364 1
1360 1412 1
1361 1359 1
1361 1362 1
1361 1364 1
1361 1398 1
1362 1361 1
1362 1357 1
1362 1363 1
1362 833 1
1363 1362 1
1363 1152 1
1363 1364 1
1363 1400 1
1364 1363 1
1364 1360 1
1364 1361 1
1364 1399 1
1365 1366 1
1365 1368 1
1365 1371 1
1365 1375 1
1366 1365 1
1366 179 1
1366 1367 1
1366 1376 1
1367 585 1
1367 1366 1
1367 714 1
1367 1378 1
1368 1301 1
1368 1365 1
1368 1370 1
1368 1437 1
1369 1302 1
1369 1370 1
1369 1372 1
1369 1401 1
1370 1368 1
1370 1371 1
1370 1369 1
1370 1436 1
1371 1365 1
1371 1372 1
1371 1370 1
1371 1387 1
1372 1371 1
1372 590 1
1372 1369 1
1372 599 1
1373 1290 1
1373 1249 1
1373 622 1
1373 1066 1
1374 1378 1
1374 1379 1
1374 1377 1
1374 1411 1
1375 1381 1
1375 1365 1
1375 1376 1
1375 1060 1
1376 1366 1
1376 1375 1
1376 1377 1
1376 185 1
1377 1380 1
1377 1374 1
1377 1376 1
1377 82 1
1378 584 1
1378 1374 1
1378 1367 1
1378 1420 1
1379 1374 1
1379 1382 1
1379 1384 1
1379 1166 1
1380 1377 1
1380 1385 1
1380 1381 1
1380 582 1
1381 1383 1
1381 1375 1
1381 1380 1
1381 1430 1
1382 1379 1
1382 586 1
1382 397 1
1382 947 1
1383 1381 1
1383 1386 1
1383 1192 1
1383 1433 1
1384 1379 1
1384 1385 1
1384 396 1
1384 1253 1
1385 1384 1
1385 1380 1
1385 1191 1
1385 571 1
1386 1387 1
1386 1383 1
1386 1222 1
1386 1438 1
1387 1371 1
1387 1386 1
1387 600 1
1387 1435 1
1388 775 1
1388 1390 1
1388 1395 1
1388 703 1
1389 776 1
1389 1205 1
1389 783 1
1389 1078 1
1390 1388 1
1390 628 1
1390 1392 1
1390 1450 1
1391 781 1
1391 476 1
1391 1202 1
1391 1286 1
1392 1390 1
1392 1396 1
1392 1394 1
1392 1450 1
1393 1345 1
1393 289 1
1393 1394 1
1393 1328 1
1394 1393 1
1394 1392 1
1394 1348 1
1394 1330 1
1395 1344 1
1395 1388 1
1395 1396 1
1395 1187 1
1396 1395 1
1396 1392 1
1396 1346 1
1396 999 1
1397 1128 1
1397 1130 1
1397 1272 1
1397 1439 1
1398 834 1
1398 1361 1
1398 1399 1
1398 1434 1
1399 1398 1
1399 1401 1
1399 1364 1
1399 1436 1
1400 838 1
1400 1363 1
1400 1401 1
1400 1155 1
1401 1402 1
1401 1399 1
1401 1400 1
1401 1369 1
1402 837 1
1402 1401 1
1402 1221 1
1402 601 1
1403 1404 1
1403 1072 1
1403 337 1
1404 121 1
1404 1403 1
1404 1405 1
1404 768 1
1405 1404 1
1405 340 1
1405 124 1
1405 1208 1
1406 1161 1
1406 1025 1
1406 1408 1
1406 80 1
1407 1163 1
1407 636 1
1407 1408 1
1407 637 1
1408 1032 1
1408 1406 1
1408 1407 1
1408 79 1
1409 1028 1
1409 86 1
1409 1167 1
1409 94 1
1410 1411 1
1410 85 1
1410 1126 1
1410 1420 1
1411 81 1
1411 1165 1
1411 1410 1
1411 1374 1
1412 1360 1
1412 1414 1
1412 1303 1
1412 1437 1
1413 367 1
1413 1359 1
1413 1414 1
1413 1434 1
1414 1412 1
1414 1413 1
1414 1207 1
1414 1437 1
1415 1417 1
1415 1418 1
1415 1416 1
1415 1448 1
1416 1326 1
1416 1415 1
1416 1356 1
1416 1447 1
1417 1415 1
1417 1418 1
1417 1043 1
1417 1042 1
1418 1417 1
1418 1415 1
1418 403 1
1418 402 1
1419 401 1
1419 1224 1
1419 1040 1
1419 1038 1
1420 1378 1
1420 936 1
1420 1410 1
1420 716 1
1421 1281 1
1421 1423 1
1421 782 1
1421 1458 1
1422 785 1
1422 791 1
1422 1423 1
1422 1079 1
1423 1421 1
1423 1426 1
1423 1422 1
1423 1457 1
1424 1425 1
1424 1282 1
1424 144 1
1424 1454 1
1425 1426 1
1425 1280 1
1425 1424 1
1425 1453 1
1426 1423 1
1426 1425 1
1426 792 1
1426 1465 1
1427 1428 1
1427 1431 1
1427 814 1
1427 1057 1
1428 1427 1
1428 580 1
1428 1432 1
1428 78 1
1429 1295 1
1429 764 1
1429 1430 1
1429 1433 1
1430 1431 1
1430 581 1
1430 1429 1
1430 1381 1
1431 1427 1
1431 1430 1
1431 765 1
1431 766 1
1432 1428 1
1432 815 1
1432 1107 1
1432 93 1
1433 1190 1
1433 1429 1
1433 1383 1
1433 1438 1
1434 1398 1
1434 1435 1
1434 1436 1
1434 1413 1
1435 1434 1
1435 836 1
1435 1387 1
1435 1438 1
1436 1399 1
1436 1434 1
1436 1370 1
1436 1437 1
1437 1368 1
1437 1414 1
1437 1412 1
1437 1436 1
1438 1435 1
1438 1218 1
1438 1386 1
1438 1433 1
1439 1442 1
1439 1397 1
1439 1440 1
1439 1456 1
1440 1439 1
1440 1273 1
1440 1441 1
1440 274 1
1441 1442 1
1441 1275 1
1441 1440 1
1441 285 1
1442 671 1
1442 1439 1
1442 1441 1
1442 1467 1
1443 1350 1
1443 1266 1
1443 717 1
1443 1237 1
1444 204 1
1444 203 1
1444 1445 1
1444 1466 1
1445 1081 1
1445 1444 1
1445 1082 1
1445 1459 1
1446 206 1
1446 1098 1
1446 787 1
1446 1299 1
1447 1448 1
1447 1318 1
1447 688 1
1447 1416 1
1448 685 1
1448 1086 1
1448 1447 1
1448 1415 1
1449 627 1
1449 1332 1
1449 1450 1
1449 347 1
1450 1390 1
1450 1449 1
1450 1392 1
1450 1000 1
1451 1015 1
1451 1453 1
1451 1018 1
1451 1466 1
1452 302 1
1452 1453 1
1452 1454 1
1452 1464 1
1453 1452 1
1453 1451 1
1453 1425 1
1453 1465 1
1454 1452 1
1454 1283 1
1454 1424 1
1454 1463 1
1455 1456 1
1455 1016 1
1455 629 1
1456 1455 1
1456 1017 1
1456 275 1
1456 1439 1
1457 1080 1
1457 1458 1
1457 1423 1
1457 1459 1
1458 1457 1
1458 780 1
1458 1421 1
1458 1460 1
1459 1445 1
1459 1460 1
1459 1457 1
1459 1466 1
1460 777 1
1460 1459 1
1460 1458 1
1460 1019 1
1461 1131 1
1461 1462 1
1461 1316 1
1462 1461 1
1462 879 1
1462 886 1
1462 1062 1
1463 1270 1
1463 1454 1
1463 993 1
1463 1464 1
1464 1452 1
1464 1269 1
1464 1463 1
1464 990 1
1465 210 1
1465 1453 1
1465 1426 1
1465 1466 1
1466 1444 1
1466 1465 1
1466 1459 1
1466 1451 1
1467 991 1
1467 1442 1
1467 1285 1
1467 303 1
1468 1469 1
1468 1214 1
1468 1296 1
1469 1468 1
1469 213 1
1469 1297 1
1469 199 1
