0 63 1
0 224 1
0 33 1
0 101 1
0 41 1
0 10 1
0 107 1
0 74 1
0 15 1
0 60 1
0 52 1
0 184 1
0 220 1
1 226 1
1 163 1
1 68 1
1 229 1
1 38 1
1 103 1
1 39 1
1 102 1
1 43 1
1 139 1
1 109 1
1 172 1
1 176 1
1 53 1
1 24 1
1 121 1
1 91 1
2 66 1
2 130 1
2 133 1
2 104 1
2 9 1
2 44 1
2 59 1
2 182 1
2 186 1
2 123 1
2 220 1
2 158 1
3 147 1
3 20 1
3 153 1
3 163 1
3 38 1
3 174 1
3 180 1
3 183 1
3 188 1
3 65 1
3 212 1
3 88 1
3 91 1
3 92 1
3 219 1
3 99 1
3 233 1
3 241 1
3 242 1
3 115 1
3 121 1
4 98 1
4 70 1
4 46 1
4 208 1
4 144 1
4 81 1
4 145 1
4 116 1
4 248 1
5 226 1
5 227 1
5 229 1
5 202 1
5 11 1
5 108 1
5 48 1
5 209 1
5 113 1
5 215 1
5 23 1
5 156 1
5 126 1
6 31 1
6 97 1
6 132 1
6 7 1
6 233 1
6 45 1
6 79 1
6 20 1
6 117 1
6 149 1
6 212 1
6 92 1
6 183 1
7 97 1
7 132 1
7 6 1
7 166 1
7 41 1
7 138 1
7 173 1
7 79 1
7 241 1
7 242 1
7 21 1
7 119 1
7 153 1
7 92 1
8 225 1
8 100 1
8 48 1
8 113 1
8 179 1
8 247 1
8 218 1
8 126 1
8 215 1
9 158 1
9 2 1
9 34 1
9 130 1
9 133 1
9 104 1
9 232 1
9 74 1
9 207 1
9 239 1
9 15 1
9 186 1
9 220 1
9 62 1
10 63 1
10 0 1
10 160 1
10 41 1
10 74 1
10 107 1
10 173 1
10 111 1
10 207 1
10 15 1
10 178 1
10 58 1
10 220 1
11 34 1
11 226 1
11 229 1
11 5 1
11 232 1
11 108 1
11 237 1
11 110 1
11 15 1
11 240 1
11 209 1
11 113 1
11 114 1
11 48 1
11 85 1
11 54 1
11 23 1
11 126 1
12 127 1
12 223 1
12 191 1
12 36 1
12 230 1
12 141 1
12 47 1
12 243 1
12 244 1
12 25 1
12 189 1
13 228 1
13 72 1
13 235 1
13 112 1
13 243 1
13 25 1
13 190 1
14 100 1
14 231 1
14 232 1
14 74 1
14 110 1
14 23 1
14 62 1
15 0 1
15 128 1
15 9 1
15 10 1
15 11 1
15 34 1
15 48 1
15 52 1
15 60 1
15 63 1
15 74 1
15 78 1
15 207 1
15 209 1
15 211 1
15 85 1
15 232 1
15 237 1
15 110 1
16 129 1
16 69 1
16 70 1
16 199 1
16 42 1
16 144 1
16 145 1
16 248 1
17 97 1
17 166 1
17 170 1
17 77 1
17 45 1
17 21 1
17 150 1
17 119 1
17 117 1
17 89 1
18 125 1
18 195 1
18 200 1
18 105 1
18 136 1
18 203 1
18 140 1
18 238 1
18 181 1
18 22 1
18 151 1
18 214 1
18 187 1
18 157 1
18 94 1
19 101 1
19 136 1
19 213 1
19 151 1
19 157 1
19 222 1
20 31 1
20 65 1
20 3 1
20 6 1
20 236 1
20 115 1
20 212 1
20 183 1
20 92 1
21 97 1
21 132 1
21 7 1
21 41 1
21 77 1
21 173 1
21 17 1
21 119 1
21 89 1
21 58 1
22 71 1
22 136 1
22 40 1
22 18 1
22 181 1
22 187 1
22 157 1
22 94 1
23 100 1
23 5 1
23 231 1
23 232 1
23 11 1
23 108 1
23 14 1
23 110 1
23 113 1
23 54 1
23 126 1
24 223 1
24 95 1
24 1 1
24 127 1
24 68 1
24 230 1
24 103 1
24 39 1
24 202 1
24 176 1
24 112 1
24 244 1
24 53 1
24 246 1
25 191 1
25 228 1
25 72 1
25 12 1
25 13 1
25 141 1
25 47 1
25 112 1
25 243 1
25 244 1
26 161 1
26 116 1
26 181 1
26 214 1
26 94 1
27 129 1
27 67 1
27 37 1
27 38 1
27 169 1
27 204 1
27 175 1
27 146 1
27 84 1
27 154 1
27 155 1
27 188 1
28 192 1
28 57 1
28 164 1
28 102 1
28 43 1
28 172 1
28 80 1
28 88 1
28 121 1
28 122 1
29 31 1
29 236 1
29 45 1
29 205 1
29 212 1
29 149 1
30 128 1
30 225 1
30 100 1
30 201 1
30 237 1
30 206 1
30 110 1
30 48 1
30 82 1
30 118 1
30 247 1
30 126 1
31 6 1
31 236 1
31 115 1
31 20 1
31 117 1
31 149 1
31 212 1
31 29 1
32 159 1
32 161 1
32 195 1
32 37 1
32 105 1
32 204 1
32 174 1
32 241 1
32 116 1
32 181 1
32 214 1
32 188 1
33 64 1
33 224 1
33 0 1
33 152 1
33 101 1
33 165 1
33 167 1
33 200 1
33 138 1
33 107 1
33 140 1
33 238 1
33 184 1
33 60 1
34 63 1
34 133 1
34 231 1
34 104 1
34 9 1
34 232 1
34 11 1
34 15 1
34 240 1
34 207 1
34 210 1
34 85 1
34 54 1
34 186 1
34 62 1
35 164 1
35 139 1
35 80 1
35 210 1
35 216 1
35 57 1
35 158 1
36 191 1
36 12 1
36 141 1
36 47 1
36 243 1
36 189 1
37 159 1
37 32 1
37 195 1
37 70 1
37 169 1
37 105 1
37 204 1
37 174 1
37 175 1
37 46 1
37 81 1
37 146 1
37 116 1
37 181 1
37 84 1
37 27 1
37 188 1
38 1 1
38 65 1
38 163 1
38 3 1
38 67 1
38 103 1
38 73 1
38 27 1
38 155 1
38 176 1
38 219 1
38 180 1
38 84 1
38 121 1
38 154 1
38 91 1
38 188 1
39 223 1
39 1 1
39 68 1
39 229 1
39 134 1
39 103 1
39 75 1
39 171 1
39 109 1
39 43 1
39 172 1
39 83 1
39 87 1
39 24 1
40 125 1
40 195 1
40 71 1
40 136 1
40 234 1
40 177 1
40 82 1
40 213 1
40 22 1
40 181 1
40 120 1
40 185 1
40 187 1
40 93 1
41 63 1
41 0 1
41 224 1
41 89 1
41 132 1
41 7 1
41 249 1
41 10 1
41 107 1
41 138 1
41 173 1
41 207 1
41 242 1
41 21 1
41 119 1
41 184 1
41 153 1
41 58 1
42 129 1
42 98 1
42 70 1
42 46 1
42 175 1
42 16 1
42 144 1
42 248 1
42 155 1
43 1 1
43 226 1
43 164 1
43 229 1
43 134 1
43 39 1
43 102 1
43 139 1
43 75 1
43 172 1
43 114 1
43 83 1
43 55 1
43 216 1
43 121 1
43 28 1
44 96 1
44 2 1
44 104 1
44 210 1
44 182 1
44 186 1
44 59 1
44 158 1
45 159 1
45 97 1
45 6 1
45 170 1
45 236 1
45 205 1
45 79 1
45 17 1
45 241 1
45 117 1
45 149 1
45 29 1
46 98 1
46 4 1
46 37 1
46 70 1
46 42 1
46 175 1
46 208 1
46 84 1
46 116 1
47 191 1
47 227 1
47 196 1
47 36 1
47 228 1
47 197 1
47 12 1
47 141 1
47 177 1
47 243 1
47 25 1
47 156 1
48 128 1
48 5 1
48 8 1
48 11 1
48 15 1
48 148 1
48 156 1
48 30 1
48 179 1
48 201 1
48 206 1
48 78 1
48 209 1
48 82 1
48 215 1
48 218 1
48 227 1
48 237 1
48 247 1
48 126 1
49 159 1
49 194 1
49 236 1
49 205 1
49 212 1
49 84 1
49 56 1
49 219 1
49 61 1
50 65 1
50 162 1
50 194 1
50 168 1
50 115 1
50 56 1
50 124 1
50 61 1
51 101 1
51 165 1
51 167 1
51 143 1
51 184 1
52 0 1
52 128 1
52 232 1
52 74 1
52 237 1
52 110 1
52 15 1
52 60 1
53 95 1
53 1 1
53 226 1
53 163 1
53 68 1
53 229 1
53 103 1
53 202 1
53 78 1
53 176 1
53 209 1
53 242 1
53 211 1
53 24 1
53 217 1
53 90 1
54 34 1
54 231 1
54 232 1
54 104 1
54 11 1
54 108 1
54 139 1
54 240 1
54 114 1
54 85 1
54 23 1
55 198 1
55 75 1
55 172 1
55 43 1
55 83 1
55 87 1
55 216 1
56 162 1
56 194 1
56 49 1
56 50 1
56 61 1
57 88 1
57 192 1
57 35 1
57 164 1
57 198 1
57 233 1
57 172 1
57 183 1
57 216 1
57 121 1
57 28 1
58 160 1
58 41 1
58 10 1
58 107 1
58 173 1
58 77 1
58 111 1
58 178 1
58 21 1
58 89 1
59 96 1
59 2 1
59 66 1
59 44 1
59 182 1
59 186 1
60 63 1
60 64 1
60 33 1
60 128 1
60 0 1
60 224 1
60 101 1
60 201 1
60 237 1
60 78 1
60 15 1
60 211 1
60 52 1
60 148 1
60 86 1
60 151 1
61 65 1
61 162 1
61 194 1
61 236 1
61 49 1
61 50 1
61 84 1
61 56 1
61 219 1
62 96 1
62 34 1
62 231 1
62 232 1
62 9 1
62 74 1
62 104 1
62 14 1
62 110 1
62 186 1
63 64 1
63 224 1
63 34 1
63 0 1
63 226 1
63 41 1
63 10 1
63 15 1
63 207 1
63 240 1
63 242 1
63 211 1
63 209 1
63 85 1
63 86 1
63 152 1
63 60 1
64 63 1
64 224 1
64 33 1
64 101 1
64 135 1
64 201 1
64 203 1
64 238 1
64 148 1
64 86 1
64 151 1
64 152 1
64 60 1
65 162 1
65 99 1
65 3 1
65 194 1
65 38 1
65 168 1
65 236 1
65 91 1
65 50 1
65 115 1
65 20 1
65 212 1
65 180 1
65 219 1
65 124 1
65 61 1
66 96 1
66 2 1
66 130 1
66 74 1
66 186 1
66 59 1
66 220 1
67 127 1
67 129 1
67 131 1
67 38 1
67 199 1
67 169 1
67 73 1
67 204 1
67 175 1
67 176 1
67 155 1
67 146 1
67 180 1
67 246 1
67 154 1
67 27 1
67 188 1
68 223 1
68 1 1
68 229 1
68 134 1
68 39 1
68 202 1
68 235 1
68 53 1
68 24 1
69 129 1
69 70 1
69 199 1
69 71 1
69 169 1
69 234 1
69 16 1
69 145 1
69 81 1
69 120 1
70 129 1
70 98 1
70 4 1
70 69 1
70 37 1
70 169 1
70 42 1
70 46 1
70 175 1
70 16 1
70 144 1
70 81 1
70 145 1
70 116 1
70 120 1
71 69 1
71 40 1
71 136 1
71 81 1
71 181 1
71 22 1
71 120 1
72 191 1
72 228 1
72 13 1
72 243 1
72 245 1
72 25 1
72 190 1
73 163 1
73 131 1
73 67 1
73 38 1
73 204 1
73 176 1
73 146 1
73 147 1
73 180 1
73 246 1
73 217 1
73 90 1
73 188 1
74 0 1
74 66 1
74 232 1
74 9 1
74 10 1
74 14 1
74 15 1
74 110 1
74 207 1
74 52 1
74 186 1
74 220 1
74 62 1
75 134 1
75 39 1
75 43 1
75 172 1
75 114 1
75 83 1
75 55 1
75 216 1
76 135 1
76 201 1
76 206 1
76 151 1
76 221 1
76 222 1
77 97 1
77 17 1
77 21 1
77 150 1
77 119 1
77 89 1
77 58 1
78 95 1
78 128 1
78 131 1
78 227 1
78 15 1
78 48 1
78 209 1
78 82 1
78 211 1
78 148 1
78 53 1
78 86 1
78 217 1
78 60 1
79 97 1
79 166 1
79 7 1
79 6 1
79 170 1
79 205 1
79 45 1
79 241 1
79 212 1
79 149 1
79 117 1
79 92 1
80 192 1
80 35 1
80 164 1
80 210 1
80 182 1
80 216 1
80 123 1
80 28 1
80 158 1
81 4 1
81 37 1
81 69 1
81 71 1
81 70 1
81 248 1
81 169 1
81 144 1
81 145 1
81 116 1
81 181 1
81 120 1
82 131 1
82 135 1
82 148 1
82 30 1
82 40 1
82 48 1
82 177 1
82 179 1
82 185 1
82 196 1
82 197 1
82 201 1
82 78 1
82 206 1
82 211 1
82 218 1
82 221 1
82 93 1
82 227 1
82 234 1
82 120 1
83 134 1
83 39 1
83 171 1
83 75 1
83 43 1
83 142 1
83 109 1
83 172 1
83 55 1
83 87 1
84 159 1
84 162 1
84 37 1
84 38 1
84 27 1
84 46 1
84 175 1
84 155 1
84 49 1
84 219 1
84 116 1
84 91 1
84 188 1
84 61 1
85 63 1
85 34 1
85 226 1
85 232 1
85 11 1
85 15 1
85 240 1
85 209 1
85 54 1
86 63 1
86 64 1
86 125 1
86 131 1
86 105 1
86 203 1
86 204 1
86 78 1
86 242 1
86 211 1
86 148 1
86 147 1
86 152 1
86 217 1
86 90 1
86 60 1
86 93 1
87 198 1
87 39 1
87 171 1
87 172 1
87 109 1
87 142 1
87 83 1
87 55 1
87 121 1
87 91 1
88 192 1
88 3 1
88 132 1
88 57 1
88 102 1
88 163 1
88 233 1
88 239 1
88 242 1
88 183 1
88 121 1
88 122 1
88 28 1
89 160 1
89 41 1
89 137 1
89 107 1
89 77 1
89 17 1
89 21 1
89 150 1
89 119 1
89 184 1
89 249 1
89 58 1
90 131 1
90 163 1
90 73 1
90 105 1
90 203 1
90 204 1
90 174 1
90 146 1
90 147 1
90 211 1
90 53 1
90 86 1
90 242 1
90 152 1
90 217 1
91 65 1
91 1 1
91 162 1
91 99 1
91 3 1
91 38 1
91 103 1
91 172 1
91 109 1
91 155 1
91 84 1
91 87 1
91 121 1
91 219 1
91 124 1
92 97 1
92 3 1
92 132 1
92 6 1
92 7 1
92 233 1
92 79 1
92 241 1
92 242 1
92 20 1
92 212 1
92 183 1
92 153 1
93 195 1
93 131 1
93 40 1
93 169 1
93 105 1
93 234 1
93 204 1
93 177 1
93 82 1
93 148 1
93 181 1
93 86 1
93 120 1
93 185 1
93 125 1
94 161 1
94 200 1
94 140 1
94 18 1
94 181 1
94 22 1
94 214 1
94 26 1
94 157 1
95 131 1
95 227 1
95 202 1
95 141 1
95 78 1
95 176 1
95 209 1
95 112 1
95 177 1
95 244 1
95 53 1
95 246 1
95 24 1
95 217 1
95 156 1
96 66 1
96 44 1
96 186 1
96 59 1
96 62 1
97 132 1
97 166 1
97 7 1
97 6 1
97 170 1
97 45 1
97 77 1
97 79 1
97 17 1
97 21 1
97 117 1
97 119 1
97 150 1
97 92 1
98 4 1
98 70 1
98 42 1
98 46 1
98 175 1
98 144 1
98 208 1
98 116 1
98 248 1
99 65 1
99 3 1
99 168 1
99 115 1
99 183 1
99 121 1
99 91 1
99 124 1
100 225 1
100 8 1
100 232 1
100 110 1
100 14 1
100 247 1
100 23 1
100 30 1
100 126 1
101 64 1
101 33 1
101 0 1
101 128 1
101 167 1
101 200 1
101 201 1
101 140 1
101 238 1
101 143 1
101 19 1
101 51 1
101 151 1
101 184 1
101 60 1
101 157 1
102 1 1
102 226 1
102 163 1
102 164 1
102 133 1
102 139 1
102 43 1
102 239 1
102 240 1
102 207 1
102 242 1
102 210 1
102 88 1
102 121 1
102 122 1
102 28 1
103 127 1
103 223 1
103 1 1
103 163 1
103 38 1
103 39 1
103 230 1
103 109 1
103 91 1
103 176 1
103 53 1
103 246 1
103 24 1
103 154 1
103 155 1
104 34 1
104 2 1
104 133 1
104 231 1
104 9 1
104 139 1
104 44 1
104 240 1
104 210 1
104 114 1
104 54 1
104 186 1
104 62 1
104 158 1
105 32 1
105 125 1
105 195 1
105 37 1
105 203 1
105 204 1
105 174 1
105 238 1
105 18 1
105 148 1
105 86 1
105 214 1
105 90 1
105 93 1
106 192 1
106 130 1
106 132 1
106 233 1
106 173 1
106 239 1
106 207 1
106 178 1
107 0 1
107 33 1
107 160 1
107 224 1
107 41 1
107 10 1
107 184 1
107 89 1
107 58 1
108 5 1
108 229 1
108 202 1
108 11 1
108 113 1
108 114 1
108 54 1
108 23 1
108 215 1
109 223 1
109 127 1
109 1 1
109 230 1
109 39 1
109 103 1
109 171 1
109 172 1
109 142 1
109 155 1
109 83 1
109 87 1
109 121 1
109 91 1
110 225 1
110 100 1
110 232 1
110 74 1
110 11 1
110 237 1
110 14 1
110 15 1
110 52 1
110 23 1
110 30 1
110 62 1
110 126 1
111 160 1
111 10 1
111 178 1
111 58 1
111 220 1
112 95 1
112 223 1
112 228 1
112 202 1
112 235 1
112 13 1
112 243 1
112 244 1
112 245 1
112 24 1
112 25 1
112 156 1
112 190 1
113 5 1
113 8 1
113 11 1
113 108 1
113 23 1
113 215 1
113 126 1
114 226 1
114 229 1
114 134 1
114 104 1
114 11 1
114 108 1
114 43 1
114 75 1
114 139 1
114 240 1
114 54 1
114 216 1
115 31 1
115 65 1
115 194 1
115 99 1
115 3 1
115 168 1
115 236 1
115 50 1
115 20 1
115 183 1
116 159 1
116 32 1
116 161 1
116 98 1
116 4 1
116 37 1
116 70 1
116 46 1
116 175 1
116 81 1
116 84 1
116 181 1
116 214 1
116 26 1
117 31 1
117 97 1
117 6 1
117 45 1
117 79 1
117 17 1
117 149 1
118 247 1
118 225 1
118 206 1
118 30 1
119 97 1
119 166 1
119 7 1
119 41 1
119 138 1
119 249 1
119 77 1
119 17 1
119 21 1
119 150 1
119 184 1
119 89 1
120 129 1
120 195 1
120 69 1
120 70 1
120 71 1
120 40 1
120 169 1
120 234 1
120 81 1
120 82 1
120 148 1
120 181 1
120 185 1
120 93 1
121 1 1
121 3 1
121 28 1
121 163 1
121 38 1
121 43 1
121 172 1
121 180 1
121 183 1
121 57 1
121 198 1
121 87 1
121 88 1
121 91 1
121 99 1
121 102 1
121 233 1
121 109 1
121 242 1
121 122 1
121 124 1
122 192 1
122 164 1
122 133 1
122 102 1
122 239 1
122 242 1
122 210 1
122 88 1
122 121 1
122 28 1
122 158 1
123 192 1
123 2 1
123 130 1
123 164 1
123 80 1
123 210 1
123 182 1
123 158 1
124 65 1
124 162 1
124 99 1
124 198 1
124 168 1
124 172 1
124 50 1
124 183 1
124 121 1
124 91 1
125 195 1
125 135 1
125 40 1
125 105 1
125 203 1
125 238 1
125 18 1
125 148 1
125 86 1
125 151 1
125 93 1
125 185 1
125 187 1
125 221 1
126 225 1
126 100 1
126 5 1
126 8 1
126 11 1
126 237 1
126 110 1
126 48 1
126 113 1
126 247 1
126 23 1
126 30 1
126 215 1
127 129 1
127 67 1
127 230 1
127 103 1
127 199 1
127 169 1
127 12 1
127 109 1
127 176 1
127 244 1
127 246 1
127 24 1
127 154 1
127 189 1
128 101 1
128 201 1
128 237 1
128 78 1
128 15 1
128 48 1
128 206 1
128 52 1
128 148 1
128 60 1
128 30 1
129 127 1
129 67 1
129 69 1
129 70 1
129 199 1
129 169 1
129 42 1
129 175 1
129 16 1
129 144 1
129 145 1
129 155 1
129 120 1
129 154 1
129 27 1
130 192 1
130 2 1
130 66 1
130 9 1
130 106 1
130 173 1
130 207 1
130 239 1
130 178 1
130 123 1
130 220 1
130 158 1
131 141 1
131 146 1
131 148 1
131 169 1
131 176 1
131 177 1
131 67 1
131 199 1
131 73 1
131 204 1
131 78 1
131 82 1
131 211 1
131 86 1
131 217 1
131 90 1
131 93 1
131 95 1
131 227 1
131 244 1
131 246 1
132 192 1
132 97 1
132 6 1
132 7 1
132 41 1
132 106 1
132 233 1
132 173 1
132 239 1
132 242 1
132 21 1
132 88 1
132 92 1
133 2 1
133 34 1
133 102 1
133 104 1
133 9 1
133 139 1
133 207 1
133 240 1
133 239 1
133 210 1
133 122 1
133 158 1
134 223 1
134 68 1
134 229 1
134 39 1
134 43 1
134 75 1
134 114 1
134 83 1
135 64 1
135 201 1
135 76 1
135 238 1
135 206 1
135 82 1
135 148 1
135 151 1
135 185 1
135 221 1
135 125 1
136 71 1
136 40 1
136 18 1
136 19 1
136 213 1
136 22 1
136 151 1
136 187 1
136 157 1
137 193 1
137 89 1
137 143 1
137 150 1
137 249 1
138 224 1
138 33 1
138 165 1
138 166 1
138 7 1
138 41 1
138 170 1
138 249 1
138 140 1
138 119 1
138 184 1
138 153 1
139 1 1
139 226 1
139 35 1
139 164 1
139 133 1
139 102 1
139 229 1
139 104 1
139 43 1
139 240 1
139 114 1
139 210 1
139 54 1
139 216 1
140 138 1
140 18 1
140 152 1
140 153 1
140 161 1
140 33 1
140 165 1
140 166 1
140 167 1
140 170 1
140 174 1
140 184 1
140 200 1
140 203 1
140 214 1
140 94 1
140 224 1
140 101 1
140 238 1
140 241 1
141 95 1
141 131 1
141 196 1
141 36 1
141 228 1
141 227 1
141 199 1
141 169 1
141 234 1
141 12 1
141 47 1
141 177 1
141 243 1
141 244 1
141 246 1
141 25 1
141 156 1
141 189 1
142 87 1
142 171 1
142 83 1
142 109 1
143 193 1
143 165 1
143 101 1
143 167 1
143 137 1
143 51 1
143 184 1
143 249 1
144 129 1
144 98 1
144 4 1
144 70 1
144 42 1
144 16 1
144 81 1
144 145 1
144 248 1
145 129 1
145 4 1
145 69 1
145 70 1
145 16 1
145 81 1
145 144 1
145 208 1
145 248 1
146 131 1
146 67 1
146 37 1
146 73 1
146 204 1
146 174 1
146 147 1
146 180 1
146 217 1
146 90 1
146 27 1
146 188 1
147 163 1
147 3 1
147 73 1
147 174 1
147 146 1
147 242 1
147 180 1
147 86 1
147 152 1
147 153 1
147 90 1
148 128 1
148 131 1
148 135 1
148 48 1
148 185 1
148 60 1
148 64 1
148 201 1
148 203 1
148 78 1
148 82 1
148 211 1
148 86 1
148 93 1
148 221 1
148 105 1
148 238 1
148 120 1
148 125 1
149 31 1
149 6 1
149 205 1
149 45 1
149 79 1
149 212 1
149 117 1
149 29 1
150 193 1
150 97 1
150 166 1
150 137 1
150 249 1
150 170 1
150 77 1
150 17 1
150 119 1
150 89 1
151 64 1
151 101 1
151 135 1
151 136 1
151 201 1
151 76 1
151 238 1
151 221 1
151 18 1
151 19 1
151 213 1
151 157 1
151 187 1
151 60 1
151 125 1
151 222 1
152 63 1
152 64 1
152 33 1
152 224 1
152 203 1
152 140 1
152 174 1
152 238 1
152 242 1
152 147 1
152 86 1
152 153 1
152 90 1
153 224 1
153 3 1
153 166 1
153 7 1
153 41 1
153 138 1
153 140 1
153 174 1
153 241 1
153 242 1
153 147 1
153 152 1
153 92 1
154 127 1
154 129 1
154 67 1
154 38 1
154 103 1
154 199 1
154 175 1
154 176 1
154 155 1
154 246 1
154 27 1
155 129 1
155 67 1
155 38 1
155 103 1
155 42 1
155 27 1
155 109 1
155 175 1
155 219 1
155 84 1
155 154 1
155 91 1
156 95 1
156 227 1
156 196 1
156 228 1
156 5 1
156 202 1
156 141 1
156 47 1
156 48 1
156 112 1
156 244 1
156 245 1
156 215 1
156 218 1
156 190 1
157 101 1
157 136 1
157 200 1
157 238 1
157 18 1
157 19 1
157 22 1
157 151 1
157 94 1
158 192 1
158 2 1
158 35 1
158 130 1
158 133 1
158 164 1
158 104 1
158 9 1
158 44 1
158 239 1
158 80 1
158 210 1
158 182 1
158 122 1
158 123 1
159 32 1
159 161 1
159 37 1
159 170 1
159 45 1
159 205 1
159 49 1
159 241 1
159 84 1
159 116 1
159 212 1
159 219 1
159 188 1
160 10 1
160 107 1
160 111 1
160 89 1
160 58 1
161 159 1
161 32 1
161 200 1
161 170 1
161 140 1
161 174 1
161 241 1
161 116 1
161 214 1
161 26 1
161 94 1
162 65 1
162 168 1
162 91 1
162 50 1
162 84 1
162 56 1
162 219 1
162 124 1
162 61 1
163 1 1
163 226 1
163 3 1
163 38 1
163 103 1
163 102 1
163 73 1
163 217 1
163 176 1
163 242 1
163 147 1
163 180 1
163 53 1
163 88 1
163 121 1
163 90 1
164 192 1
164 35 1
164 102 1
164 43 1
164 139 1
164 172 1
164 80 1
164 210 1
164 216 1
164 57 1
164 122 1
164 123 1
164 28 1
164 158 1
165 193 1
165 33 1
165 167 1
165 138 1
165 170 1
165 140 1
165 143 1
165 51 1
165 184 1
165 249 1
166 97 1
166 193 1
166 7 1
166 249 1
166 138 1
166 170 1
166 140 1
166 79 1
166 17 1
166 241 1
166 150 1
166 119 1
166 153 1
167 33 1
167 165 1
167 101 1
167 200 1
167 170 1
167 140 1
167 143 1
167 51 1
167 184 1
168 65 1
168 162 1
168 99 1
168 50 1
168 115 1
168 183 1
168 124 1
169 127 1
169 129 1
169 131 1
169 141 1
169 27 1
169 37 1
169 175 1
169 177 1
169 181 1
169 67 1
169 195 1
169 69 1
169 70 1
169 199 1
169 204 1
169 81 1
169 93 1
169 234 1
169 246 1
169 120 1
170 159 1
170 193 1
170 161 1
170 97 1
170 165 1
170 166 1
170 167 1
170 200 1
170 138 1
170 140 1
170 45 1
170 205 1
170 79 1
170 17 1
170 241 1
170 150 1
170 249 1
171 223 1
171 230 1
171 39 1
171 109 1
171 142 1
171 83 1
171 243 1
171 87 1
172 1 1
172 57 1
172 164 1
172 198 1
172 39 1
172 43 1
172 75 1
172 109 1
172 83 1
172 124 1
172 55 1
172 216 1
172 121 1
172 87 1
172 91 1
172 28 1
173 130 1
173 132 1
173 7 1
173 41 1
173 106 1
173 10 1
173 239 1
173 207 1
173 178 1
173 242 1
173 21 1
173 58 1
174 32 1
174 161 1
174 3 1
174 37 1
174 105 1
174 203 1
174 140 1
174 204 1
174 241 1
174 146 1
174 147 1
174 180 1
174 214 1
174 152 1
174 153 1
174 90 1
174 188 1
175 129 1
175 98 1
175 67 1
175 37 1
175 70 1
175 169 1
175 42 1
175 46 1
175 155 1
175 84 1
175 116 1
175 154 1
175 27 1
176 95 1
176 127 1
176 1 1
176 131 1
176 67 1
176 163 1
176 38 1
176 103 1
176 73 1
176 244 1
176 53 1
176 246 1
176 24 1
176 217 1
176 154 1
177 95 1
177 131 1
177 196 1
177 197 1
177 227 1
177 40 1
177 169 1
177 234 1
177 141 1
177 47 1
177 82 1
177 93 1
178 130 1
178 10 1
178 106 1
178 173 1
178 111 1
178 207 1
178 58 1
178 220 1
179 197 1
179 8 1
179 206 1
179 48 1
179 82 1
179 247 1
179 218 1
180 65 1
180 163 1
180 3 1
180 67 1
180 38 1
180 73 1
180 174 1
180 146 1
180 147 1
180 242 1
180 121 1
180 219 1
180 188 1
181 32 1
181 195 1
181 37 1
181 71 1
181 40 1
181 169 1
181 81 1
181 18 1
181 116 1
181 22 1
181 120 1
181 214 1
181 26 1
181 187 1
181 93 1
181 94 1
182 2 1
182 44 1
182 59 1
182 80 1
182 210 1
182 123 1
182 158 1
183 99 1
183 3 1
183 121 1
183 6 1
183 168 1
183 233 1
183 115 1
183 20 1
183 92 1
183 88 1
183 57 1
183 124 1
184 0 1
184 33 1
184 224 1
184 89 1
184 101 1
184 165 1
184 167 1
184 41 1
184 138 1
184 107 1
184 140 1
184 143 1
184 51 1
184 119 1
184 249 1
185 135 1
185 40 1
185 82 1
185 148 1
185 213 1
185 120 1
185 125 1
185 187 1
185 221 1
185 93 1
186 96 1
186 2 1
186 66 1
186 34 1
186 231 1
186 104 1
186 9 1
186 74 1
186 44 1
186 59 1
186 220 1
186 62 1
187 125 1
187 195 1
187 40 1
187 136 1
187 238 1
187 18 1
187 181 1
187 22 1
187 151 1
187 213 1
187 185 1
187 221 1
188 159 1
188 32 1
188 3 1
188 67 1
188 37 1
188 38 1
188 73 1
188 27 1
188 204 1
188 174 1
188 241 1
188 146 1
188 84 1
188 180 1
188 212 1
188 219 1
189 127 1
189 36 1
189 230 1
189 199 1
189 234 1
189 12 1
189 141 1
189 244 1
189 246 1
190 228 1
190 72 1
190 202 1
190 235 1
190 13 1
190 112 1
190 245 1
190 215 1
190 156 1
191 36 1
191 72 1
191 12 1
191 47 1
191 243 1
191 25 1
192 130 1
192 132 1
192 164 1
192 233 1
192 106 1
192 239 1
192 80 1
192 88 1
192 57 1
192 122 1
192 123 1
192 28 1
192 158 1
193 165 1
193 166 1
193 137 1
193 170 1
193 143 1
193 150 1
193 249 1
194 65 1
194 236 1
194 49 1
194 50 1
194 115 1
194 56 1
194 61 1
195 32 1
195 37 1
195 40 1
195 169 1
195 105 1
195 204 1
195 18 1
195 93 1
195 181 1
195 214 1
195 120 1
195 187 1
195 125 1
196 227 1
196 228 1
196 197 1
196 141 1
196 47 1
196 177 1
196 82 1
196 245 1
196 218 1
196 156 1
197 196 1
197 228 1
197 47 1
197 177 1
197 82 1
197 179 1
197 245 1
197 218 1
198 57 1
198 172 1
198 55 1
198 216 1
198 121 1
198 87 1
198 124 1
199 127 1
199 129 1
199 131 1
199 67 1
199 69 1
199 169 1
199 234 1
199 141 1
199 16 1
199 246 1
199 154 1
199 189 1
200 161 1
200 33 1
200 101 1
200 167 1
200 170 1
200 140 1
200 238 1
200 18 1
200 157 1
200 94 1
201 64 1
201 128 1
201 101 1
201 135 1
201 76 1
201 206 1
201 238 1
201 48 1
201 82 1
201 148 1
201 151 1
201 30 1
201 60 1
201 221 1
201 222 1
202 95 1
202 223 1
202 226 1
202 227 1
202 68 1
202 5 1
202 229 1
202 235 1
202 108 1
202 112 1
202 209 1
202 53 1
202 215 1
202 24 1
202 156 1
202 190 1
203 64 1
203 105 1
203 140 1
203 238 1
203 174 1
203 18 1
203 148 1
203 86 1
203 152 1
203 214 1
203 90 1
203 125 1
204 32 1
204 67 1
204 131 1
204 37 1
204 195 1
204 73 1
204 105 1
204 169 1
204 174 1
204 146 1
204 86 1
204 90 1
204 27 1
204 188 1
204 93 1
205 159 1
205 170 1
205 236 1
205 45 1
205 79 1
205 49 1
205 241 1
205 212 1
205 149 1
205 29 1
206 128 1
206 225 1
206 135 1
206 201 1
206 76 1
206 48 1
206 82 1
206 179 1
206 118 1
206 247 1
206 221 1
206 30 1
207 63 1
207 34 1
207 130 1
207 133 1
207 102 1
207 9 1
207 10 1
207 41 1
207 74 1
207 106 1
207 173 1
207 15 1
207 239 1
207 240 1
207 178 1
207 242 1
207 220 1
208 98 1
208 4 1
208 46 1
208 145 1
208 248 1
209 63 1
209 95 1
209 226 1
209 227 1
209 5 1
209 202 1
209 11 1
209 78 1
209 15 1
209 48 1
209 211 1
209 53 1
209 85 1
210 34 1
210 35 1
210 164 1
210 133 1
210 102 1
210 104 1
210 139 1
210 44 1
210 80 1
210 240 1
210 182 1
210 216 1
210 122 1
210 123 1
210 158 1
211 63 1
211 226 1
211 131 1
211 78 1
211 15 1
211 209 1
211 82 1
211 242 1
211 148 1
211 53 1
211 86 1
211 217 1
211 90 1
211 60 1
212 31 1
212 159 1
212 65 1
212 3 1
212 6 1
212 236 1
212 205 1
212 79 1
212 49 1
212 241 1
212 20 1
212 149 1
212 188 1
212 219 1
212 92 1
212 29 1
213 40 1
213 136 1
213 19 1
213 151 1
213 185 1
213 187 1
213 221 1
213 222 1
214 32 1
214 161 1
214 195 1
214 105 1
214 203 1
214 140 1
214 174 1
214 18 1
214 116 1
214 181 1
214 26 1
214 94 1
215 190 1
215 229 1
215 5 1
215 8 1
215 202 1
215 235 1
215 108 1
215 48 1
215 113 1
215 245 1
215 218 1
215 156 1
215 126 1
216 35 1
216 164 1
216 198 1
216 139 1
216 43 1
216 75 1
216 172 1
216 80 1
216 114 1
216 210 1
216 55 1
216 57 1
217 95 1
217 163 1
217 131 1
217 73 1
217 78 1
217 176 1
217 146 1
217 211 1
217 242 1
217 53 1
217 86 1
217 90 1
218 247 1
218 227 1
218 196 1
218 197 1
218 8 1
218 48 1
218 82 1
218 179 1
218 245 1
218 215 1
218 156 1
219 159 1
219 65 1
219 162 1
219 3 1
219 38 1
219 236 1
219 91 1
219 49 1
219 84 1
219 180 1
219 212 1
219 155 1
219 188 1
219 61 1
220 0 1
220 66 1
220 2 1
220 130 1
220 9 1
220 10 1
220 74 1
220 111 1
220 207 1
220 178 1
220 186 1
221 135 1
221 201 1
221 76 1
221 206 1
221 82 1
221 148 1
221 213 1
221 151 1
221 185 1
221 187 1
221 125 1
221 222 1
222 201 1
222 76 1
222 19 1
222 213 1
222 151 1
222 221 1
223 68 1
223 134 1
223 39 1
223 103 1
223 230 1
223 202 1
223 171 1
223 12 1
223 109 1
223 235 1
223 112 1
223 243 1
223 244 1
223 24 1
224 63 1
224 0 1
224 33 1
224 64 1
224 152 1
224 41 1
224 138 1
224 107 1
224 140 1
224 242 1
224 184 1
224 153 1
224 60 1
225 100 1
225 8 1
225 110 1
225 206 1
225 118 1
225 247 1
225 30 1
225 126 1
226 63 1
226 1 1
226 163 1
226 5 1
226 102 1
226 229 1
226 202 1
226 11 1
226 43 1
226 139 1
226 240 1
226 209 1
226 114 1
226 211 1
226 242 1
226 53 1
226 85 1
227 95 1
227 131 1
227 196 1
227 5 1
227 202 1
227 141 1
227 78 1
227 47 1
227 48 1
227 177 1
227 82 1
227 209 1
227 218 1
227 156 1
228 196 1
228 197 1
228 72 1
228 141 1
228 13 1
228 47 1
228 112 1
228 244 1
228 245 1
228 25 1
228 156 1
228 190 1
229 1 1
229 226 1
229 68 1
229 5 1
229 134 1
229 39 1
229 202 1
229 11 1
229 43 1
229 108 1
229 139 1
229 235 1
229 240 1
229 114 1
229 53 1
229 215 1
230 127 1
230 223 1
230 103 1
230 171 1
230 12 1
230 109 1
230 243 1
230 244 1
230 24 1
230 189 1
231 34 1
231 104 1
231 232 1
231 14 1
231 54 1
231 23 1
231 186 1
231 62 1
232 34 1
232 100 1
232 231 1
232 9 1
232 74 1
232 11 1
232 14 1
232 15 1
232 110 1
232 52 1
232 85 1
232 54 1
232 23 1
232 62 1
233 192 1
233 3 1
233 132 1
233 121 1
233 6 1
233 106 1
233 239 1
233 242 1
233 183 1
233 88 1
233 57 1
233 92 1
234 69 1
234 199 1
234 40 1
234 169 1
234 141 1
234 177 1
234 82 1
234 120 1
234 189 1
234 93 1
235 223 1
235 68 1
235 229 1
235 202 1
235 13 1
235 112 1
235 243 1
235 215 1
235 190 1
236 31 1
236 65 1
236 194 1
236 45 1
236 205 1
236 49 1
236 115 1
236 20 1
236 212 1
236 61 1
236 219 1
236 29 1
237 128 1
237 11 1
237 110 1
237 15 1
237 48 1
237 52 1
237 126 1
237 60 1
237 30 1
238 64 1
238 33 1
238 101 1
238 135 1
238 200 1
238 105 1
238 201 1
238 203 1
238 140 1
238 18 1
238 148 1
238 151 1
238 152 1
238 157 1
238 187 1
238 125 1
239 192 1
239 130 1
239 132 1
239 133 1
239 102 1
239 9 1
239 106 1
239 233 1
239 173 1
239 207 1
239 242 1
239 88 1
239 122 1
239 158 1
240 63 1
240 34 1
240 226 1
240 133 1
240 102 1
240 229 1
240 104 1
240 11 1
240 139 1
240 207 1
240 114 1
240 210 1
240 242 1
240 85 1
240 54 1
241 159 1
241 32 1
241 161 1
241 3 1
241 166 1
241 7 1
241 170 1
241 140 1
241 45 1
241 174 1
241 79 1
241 205 1
241 212 1
241 188 1
241 153 1
241 92 1
242 3 1
242 132 1
242 7 1
242 147 1
242 152 1
242 153 1
242 163 1
242 41 1
242 173 1
242 180 1
242 53 1
242 63 1
242 207 1
242 211 1
242 86 1
242 88 1
242 217 1
242 90 1
242 92 1
242 224 1
242 226 1
242 102 1
242 233 1
242 239 1
242 240 1
242 121 1
242 122 1
243 191 1
243 223 1
243 36 1
243 230 1
243 72 1
243 171 1
243 12 1
243 141 1
243 13 1
243 47 1
243 112 1
243 235 1
243 244 1
243 25 1
244 95 1
244 223 1
244 127 1
244 131 1
244 228 1
244 230 1
244 12 1
244 141 1
244 112 1
244 176 1
244 243 1
244 246 1
244 24 1
244 25 1
244 156 1
244 189 1
245 196 1
245 228 1
245 197 1
245 72 1
245 112 1
245 215 1
245 218 1
245 156 1
245 190 1
246 95 1
246 127 1
246 131 1
246 67 1
246 103 1
246 199 1
246 73 1
246 169 1
246 141 1
246 176 1
246 244 1
246 24 1
246 154 1
246 189 1
247 225 1
247 100 1
247 8 1
247 206 1
247 48 1
247 179 1
247 118 1
247 218 1
247 126 1
247 30 1
248 98 1
248 4 1
248 42 1
248 16 1
248 81 1
248 144 1
248 145 1
248 208 1
249 193 1
249 165 1
249 166 1
249 41 1
249 138 1
249 137 1
249 170 1
249 143 1
249 150 1
249 119 1
249 184 1
249 89 1
