0 8 -1
0 9 1
0 13 -1
0 377 1
1 3 -1
1 4 1
1 9 -1
1 356 -1
2 4 -1
2 5 1
2 10 1
2 2274 -1
3 13 1
3 15 -1
3 17 -1
3 379 -1
4 8 1
4 12 -1
4 14 1
4 1135 1
5 14 -1
5 15 1
5 22 1
5 1149 1
6 11 -1
6 12 1
6 26 -1
6 929 -1
7 10 -1
7 11 1
7 20 1
7 948 -1
8 22 -1
8 23 1
8 25 1
8 1529 1
9 0 1
9 7 -1
9 29 1
9 1387 1
10 25 -1
10 26 1
10 28 -1
10 930 1
11 16 -1
11 17 1
11 24 -1
11 381 -1
12 29 -1
12 30 1
12 32 -1
12 495 -1
13 23 -1
13 24 1
13 32 1
13 505 1
14 0 -1
14 1 1
14 31 -1
14 1386 -1
15 30 -1
15 31 1
15 34 -1
15 496 1
16 16 1
16 19 -1
16 34 1
16 382 -1
17 2 -1
17 3 1
17 18 1
17 357 1
18 1 -1
18 2 1
18 35 -1
18 1765 -1
19 18 -1
19 19 1
19 35 1
19 380 -1
20 5 -1
20 6 1
20 21 -1
20 2167 1
21 6 -1
21 7 1
21 33 1
21 1510 1
22 27 -1
22 28 1
22 33 -1
22 944 1
23 20 -1
23 21 1
23 27 1
23 947 -1
24 44 -1
24 45 1
24 50 -1
24 726 1
25 49 -1
25 50 1
25 57 -1
25 725 -1
26 45 -1
26 46 1
26 51 1
26 1418 1
27 36 -1
27 37 1
27 46 -1
27 1396 -1
28 37 -1
28 38 1
28 51 -1
28 2217 1
29 49 1
29 54 -1
29 58 1
29 1082 1
30 43 -1
30 44 1
30 61 -1
30 731 1
31 56 -1
31 57 1
31 61 1
31 733 -1
32 38 -1
32 39 1
32 52 1
32 1063 -1
33 39 -1
33 40 1
33 72 -1
33 1064 1
34 43 1
34 48 -1
34 75 1
34 1422 1
35 55 -1
35 56 1
35 75 -1
35 1093 1
36 55 1
36 60 -1
36 62 1
36 1097 -1
37 36 1
37 42 -1
37 47 1
37 1397 1
38 47 -1
38 48 1
38 77 -1
38 1402 -1
39 62 -1
39 63 1
39 77 1
39 1203 1
40 63 -1
40 64 1
40 78 1
40 1196 -1
41 64 -1
41 65 1
41 80 1
41 1197 1
42 65 -1
42 66 1
42 73 -1
42 1208 -1
43 40 -1
43 41 1
43 73 1
43 2210 1
44 41 -1
44 42 1
44 79 -1
44 2209 1
45 78 -1
45 79 1
45 80 -1
45 2202 -1
46 68 -1
46 69 1
46 71 1
46 2052 1
47 53 -1
47 54 1
47 68 1
47 2059 -1
48 52 -1
48 53 1
48 76 -1
48 1048 -1
49 71 -1
49 72 1
49 76 1
49 1049 1
50 66 -1
50 67 1
50 74 1
50 1207 1
51 59 -1
51 60 1
51 67 -1
51 1098 1
52 58 -1
52 59 1
52 70 -1
52 1086 -1
53 69 -1
53 70 1
53 74 -1
53 2295 -1
54 92 -1
54 93 1
54 96 1
54 334 1
55 87 -1
55 88 1
55 92 1
55 331 1
56 96 -1
56 97 1
56 101 -1
56 1636 -1
57 86 -1
57 87 1
57 101 1
57 1634 1
58 81 1
58 85 -1
58 86 1
58 1633 1
59 97 -1
59 98 1
59 102 -1
59 1509 1
60 81 -1
60 82 1
60 102 1
60 1506 1
61 98 -1
61 99 1
61 104 -1
61 1217 -1
62 103 -1
62 104 1
62 105 1
62 1215 1
63 82 -1
63 83 1
63 103 1
63 1505 -1
64 105 -1
64 106 1
64 109 -1
64 1220 1
65 88 -1
65 89 1
65 91 -1
65 333 -1
66 91 1
66 95 -1
66 111 1
66 338 1
67 84 -1
67 85 1
67 90 -1
67 2398 -1
68 89 -1
68 90 1
68 110 -1
68 2403 1
69 108 -1
69 109 1
69 110 1
69 2400 -1
70 83 -1
70 84 1
70 108 1
70 2396 1
71 99 -1
71 100 1
71 107 -1
71 1218 1
72 93 -1
72 94 1
72 100 -1
72 340 1
73 94 -1
73 95 1
73 113 -1
73 337 -1
74 111 -1
74 112 1
74 113 1
74 2237 1
75 106 -1
75 107 1
75 112 -1
75 1223 -1
76 115 -1
76 116 1
76 130 -1
76 2060 1
77 114 -1
77 115 1
77 136 -1
77 2061 1
78 130 1
78 134 -1
78 139 1
78 2830 -1
79 123 -1
79 124 1
79 140 -1
79 2796 -1
80 122 -1
80 123 1
80 143 1
80 2656 1
81 135 1
81 138 -1
81 143 -1
81 2659 1
82 135 -1
82 136 1
82 142 1
82 2698 1
83 139 -1
83 140 1
83 142 -1
83 2795 -1
84 114 1
84 120 -1
84 137 1
84 2062 -1
85 137 -1
85 138 1
85 144 1
85 2663 -1
86 121 -1
86 122 1
86 144 -1
86 2658 -1
87 116 -1
87 117 1
87 131 1
87 649 -1
88 131 -1
88 132 1
88 149 1
88 650 1
89 126 -1
89 127 1
89 154 1
89 1042 -1
90 124 -1
90 125 1
90 141 1
90 2816 1
91 125 -1
91 126 1
91 153 -1
91 1612 1
92 132 -1
92 133 1
92 153 1
92 1611 -1
93 133 -1
93 134 1
93 141 -1
93 2829 1
94 121 1
94 129 -1
94 145 1
94 2750 1
95 149 -1
95 150 1
95 152 -1
95 647 1
96 117 -1
96 118 1
96 151 -1
96 651 1
97 150 -1
97 151 1
97 160 1
97 646 -1
98 118 -1
98 119 1
98 162 -1
98 2066 -1
99 119 -1
99 120 1
99 148 -1
99 2065 -1
100 127 -1
100 128 1
100 157 1
100 1043 1
101 128 -1
101 129 1
101 159 -1
101 2381 -1
102 145 -1
102 146 1
102 159 1
102 2380 1
103 162 1
103 164 -1
103 166 -1
103 2379 -1
104 160 -1
104 161 1
104 163 1
104 2150 -1
105 152 1
105 156 -1
105 161 -1
105 1617 -1
106 163 -1
106 164 1
106 167 1
106 2151 1
107 154 -1
107 155 1
107 158 -1
107 1045 1
108 155 -1
108 156 1
108 170 1
108 1621 1
109 167 -1
109 168 1
109 170 -1
109 2050 1
110 157 -1
110 158 1
110 168 -1
110 1049 -1
111 146 -1
111 147 1
111 169 1
111 2000 -1
112 147 -1
112 148 1
112 165 1
112 1994 1
113 165 -1
113 166 1
113 169 -1
113 1993 -1
114 177 -1
114 178 1
114 181 -1
114 2141 -1
115 180 -1
115 181 1
115 184 1
115 2140 -1
116 184 -1
116 185 1
116 187 1
116 1704 -1
117 180 1
117 183 -1
117 186 -1
117 1856 1
118 185 -1
118 186 1
118 191 -1
118 1705 1
119 171 1
119 175 -1
119 176 1
119 1251 -1
120 176 -1
120 177 1
120 189 -1
120 1259 -1
121 171 -1
121 172 1
121 179 -1
121 2642 1
122 172 -1
122 173 1
122 192 1
122 1851 1
123 182 -1
123 183 1
123 192 -1
123 1858 1
124 178 -1
124 179 1
124 182 1
124 2648 1
125 190 -1
125 191 1
125 193 1
125 1715 -1
126 187 -1
126 188 1
126 190 1
126 1708 1
127 188 -1
127 189 1
127 194 -1
127 1260 1
128 174 -1
128 175 1
128 194 1
128 1252 1
129 173 -1
129 174 1
129 193 -1
129 1854 -1
130 197 -1
130 198 1
130 202 1
130 2282 -1
131 196 -1
131 197 1
131 201 -1
131 2280 1
132 195 1
132 200 -1
132 207 -1
132 390 1
133 195 -1
133 196 1
133 221 1
133 697 1
134 206 -1
134 207 1
134 221 -1
134 407 -1
135 209 -1
135 210 1
135 213 1
135 394 1
136 213 -1
136 214 1
136 217 1
136 2883 -1
137 198 -1
137 199 1
137 218 -1
137 2283 -1
138 199 -1
138 200 1
138 208 1
138 393 -1
139 208 -1
139 209 1
139 223 -1
139 400 -1
140 217 -1
140 218 1
140 223 1
140 2884 -1
141 214 -1
141 215 1
141 220 -1
141 2882 1
142 206 1
142 212 -1
142 222 1
142 416 -1
143 201 1
143 205 -1
143 222 -1
143 2326 1
144 202 -1
144 203 1
144 219 1
144 2719 1
145 219 -1
145 220 1
145 224 1
145 2706 1
146 210 -1
146 211 1
146 216 -1
146 396 -1
147 211 -1
147 212 1
147 226 -1
147 420 -1
148 204 -1
148 205 1
148 226 1
148 1292 1
149 203 -1
149 204 1
149 227 1
149 1310 1
150 224 -1
150 225 1
150 227 -1
150 1307 1
151 215 -1
151 216 1
151 225 -1
151 1309 -1
152 229 -1
152 230 1
152 237 -1
152 884 -1
153 228 -1
153 229 1
153 254 -1
153 639 -1
154 236 -1
154 237 1
154 252 1
154 887 -1
155 253 -1
155 254 1
155 255 1
155 642 1
156 252 -1
156 253 1
156 257 1
156 888 1
157 248 -1
157 249 1
157 257 -1
157 1820 1
158 241 -1
158 242 1
158 248 1
158 1819 -1
159 240 -1
159 241 1
159 255 -1
159 649 1
160 235 1
160 239 -1
160 250 -1
160 1242 1
161 235 -1
161 236 1
161 258 -1
161 1241 1
162 249 -1
162 250 1
162 258 1
162 1240 -1
163 230 -1
163 231 1
163 238 1
163 2132 1
164 242 -1
164 243 1
164 251 -1
164 1825 -1
165 238 -1
165 239 1
165 251 1
165 1828 1
166 243 -1
166 244 1
166 260 -1
166 267 -1
167 231 -1
167 232 1
167 259 1
167 2133 -1
168 259 -1
168 260 1
168 261 1
168 268 1
169 244 -1
169 245 1
169 261 -1
169 287 -1
170 228 1
170 234 -1
170 256 -1
170 640 1
171 240 1
171 247 -1
171 256 1
171 651 -1
172 232 -1
172 233 1
172 262 -1
172 2501 -1
173 233 -1
173 234 1
173 263 -1
173 2821 1
174 246 -1
174 247 1
174 263 1
174 2066 1
175 245 -1
175 246 1
175 262 1
175 2064 -1
176 264 -1
176 265 1
176 270 1
176 2134 1
177 270 -1
177 271 1
177 277 -1
177 2362 -1
178 264 1
178 269 -1
178 275 1
178 664 -1
179 271 -1
179 272 1
179 278 1
179 2553 -1
180 265 -1
180 266 1
180 274 -1
180 1829 1
181 266 -1
181 267 1
181 283 1
181 1825 1
182 276 -1
182 277 1
182 279 -1
182 1139 -1
183 275 -1
183 276 1
183 282 -1
183 662 1
184 278 -1
184 279 1
184 290 -1
184 1147 -1
185 272 -1
185 273 1
185 288 1
185 2700 -1
186 273 -1
186 274 1
186 291 1
186 1827 -1
187 283 -1
187 284 1
187 291 -1
187 1824 -1
188 284 -1
188 285 1
188 288 -1
188 2061 -1
189 268 -1
189 269 1
189 280 1
189 669 -1
190 280 -1
190 281 1
190 295 1
190 671 1
191 281 -1
191 282 1
191 292 1
191 668 -1
192 292 -1
192 293 1
192 295 -1
192 1157 -1
193 293 -1
193 294 1
193 296 1
193 1162 1
194 289 -1
194 290 1
194 294 -1
194 1161 -1
195 285 -1
195 286 1
195 289 1
195 2062 1
196 286 -1
196 287 1
196 296 -1
196 2063 1
197 302 -1
197 303 1
197 309 -1
197 2152 1
198 301 -1
198 302 1
198 310 1
198 2324 -1
199 297 1
199 305 -1
199 306 1
199 2935 -1
200 308 -1
200 309 1
200 317 -1
200 2157 -1
201 308 1
201 312 -1
201 313 1
201 1288 -1
202 313 -1
202 314 1
202 319 1
202 1289 1
203 297 -1
203 298 1
203 307 -1
203 2808 1
204 298 -1
204 299 1
204 322 -1
204 2807 -1
205 319 -1
205 320 1
205 322 1
205 2813 -1
206 306 -1
206 307 1
206 320 -1
206 2811 1
207 310 -1
207 311 1
207 318 1
207 2326 -1
208 311 -1
208 312 1
208 315 -1
208 1292 -1
209 314 -1
209 315 1
209 323 -1
209 1296 1
210 299 -1
210 300 1
210 323 1
210 2905 1
211 300 -1
211 301 1
211 318 -1
211 2325 1
212 303 -1
212 304 1
212 316 1
212 2154 -1
213 304 -1
213 305 1
213 321 1
213 2922 -1
214 316 -1
214 317 1
214 321 -1
214 2162 -1
215 327 -1
215 328 1
215 331 -1
215 2475 -1
216 324 -1
216 325 1
216 336 1
216 964 -1
217 336 -1
217 337 1
217 345 -1
217 962 1
218 340 -1
218 341 1
218 345 1
218 968 -1
219 326 -1
219 327 1
219 332 1
219 2476 1
220 325 -1
220 326 1
220 339 -1
220 2514 -1
221 338 -1
221 339 1
221 344 -1
221 2511 -1
222 332 -1
222 333 1
222 344 1
222 2479 -1
223 324 1
223 330 -1
223 346 1
223 514 1
224 328 -1
224 329 1
224 335 -1
224 1768 -1
225 329 -1
225 330 1
225 350 -1
225 511 -1
226 334 -1
226 335 1
226 343 -1
226 1767 1
227 341 -1
227 342 1
227 348 -1
227 976 -1
228 342 -1
228 343 1
228 352 -1
228 1563 1
229 346 -1
229 347 1
229 349 1
229 513 -1
230 347 -1
230 348 1
230 353 -1
230 971 1
231 351 -1
231 352 1
231 353 1
231 1561 1
232 349 -1
232 350 1
232 351 1
232 510 1
233 360 -1
233 361 1
233 364 -1
233 1491 -1
234 354 -1
234 355 1
234 364 1
234 2300 -1
235 359 -1
235 360 1
235 365 1
235 1494 -1
236 358 1
236 363 -1
236 378 1
236 1144 -1
237 358 -1
237 359 1
237 375 1
237 1495 -1
238 367 -1
238 368 1
238 375 -1
238 2793 1
239 368 -1
239 369 1
239 378 -1
239 1155 1
240 355 -1
240 356 1
240 374 1
240 2273 1
241 361 -1
241 362 1
241 374 -1
241 1492 1
242 362 -1
242 363 1
242 377 -1
242 1138 -1
243 354 1
243 357 -1
243 366 -1
243 2301 1
244 365 -1
244 366 1
244 376 -1
244 2305 -1
245 367 1
245 373 -1
245 376 1
245 2806 1
246 369 -1
246 370 1
246 379 1
246 1158 1
247 370 -1
247 371 1
247 381 1
247 509 -1
248 372 -1
248 373 1
248 380 1
248 1768 1
249 371 -1
249 372 1
249 382 1
249 511 1
250 383 -1
250 384 1
250 394 -1
250 1931 1
251 384 -1
251 385 1
251 399 1
251 1930 -1
252 385 -1
252 386 1
252 397 1
252 958 -1
253 397 -1
253 398 1
253 401 1
253 952 1
254 386 -1
254 387 1
254 398 -1
254 960 -1
255 390 -1
255 391 1
255 405 -1
255 707 1
256 383 1
256 389 -1
256 395 1
256 499 1
257 387 -1
257 388 1
257 404 1
257 1431 1
258 388 -1
258 389 1
258 411 1
258 498 -1
259 404 -1
259 405 1
259 408 1
259 703 1
260 399 -1
260 400 1
260 403 -1
260 2926 -1
261 407 1
261 410 -1
261 416 1
261 698 -1
262 391 -1
262 392 1
262 406 1
262 1437 -1
263 392 -1
263 393 1
263 417 1
263 2284 -1
264 402 -1
264 403 1
264 417 -1
264 2334 -1
265 401 -1
265 402 1
265 406 -1
265 1435 1
266 408 -1
266 409 1
266 415 -1
266 705 -1
267 409 -1
267 410 1
267 418 1
267 702 1
268 418 -1
268 419 1
268 421 1
268 2298 -1
269 412 -1
269 413 1
269 421 -1
269 502 -1
270 411 -1
270 412 1
270 415 1
270 512 1
271 419 -1
271 420 1
271 422 -1
271 1293 -1
272 413 -1
272 414 1
272 422 1
272 503 1
273 395 -1
273 396 1
273 414 -1
273 522 -1
274 423 1
274 427 -1
274 432 -1
274 2930 -1
275 423 -1
275 424 1
275 436 1
275 2852 1
276 436 -1
276 437 1
276 442 -1
276 1005 -1
277 424 -1
277 425 1
277 442 1
277 996 1
278 426 -1
278 427 1
278 428 1
278 2833 -1
279 428 -1
279 429 1
279 441 -1
279 2449 -1
280 425 -1
280 426 1
280 443 1
280 995 -1
281 429 -1
281 430 1
281 440 1
281 2447 -1
282 433 -1
282 434 1
282 447 -1
282 753 1
283 440 -1
283 441 1
283 448 1
283 2448 1
284 430 -1
284 431 1
284 450 1
284 2918 -1
285 431 -1
285 432 1
285 435 -1
285 2920 -1
286 434 -1
286 435 1
286 450 -1
286 2919 1
287 433 1
287 439 -1
287 446 1
287 752 -1
288 446 -1
288 447 1
288 451 1
288 759 -1
289 448 -1
289 449 1
289 451 -1
289 2620 -1
290 443 -1
290 444 1
290 449 -1
290 1002 -1
291 437 -1
291 438 1
291 445 -1
291 1006 1
292 438 -1
292 439 1
292 452 -1
292 1277 1
293 444 -1
293 445 1
293 452 1
293 1003 -1
294 453 1
294 456 -1
294 457 1
294 1729 1
295 461 1
295 464 -1
295 465 1
295 744 1
296 461 -1
296 462 1
296 467 -1
296 748 -1
297 458 -1
297 459 1
297 467 1
297 2309 -1
298 457 -1
298 458 1
298 465 -1
298 1737 1
299 453 -1
299 454 1
299 466 1
299 1732 -1
300 462 -1
300 463 1
300 468 1
300 754 -1
301 463 -1
301 464 1
301 466 -1
301 749 1
302 455 -1
302 456 1
302 460 -1
302 2840 1
303 454 -1
303 455 1
303 470 1
303 2931 1
304 468 -1
304 469 1
304 470 -1
304 2317 1
305 459 -1
305 460 1
305 469 -1
305 2310 1
306 471 -1
306 472 1
306 477 1
306 1553 -1
307 471 1
307 475 -1
307 480 1
307 1549 1
308 480 -1
308 481 1
308 487 1
308 1559 -1
309 481 -1
309 482 1
309 485 -1
309 1560 -1
310 472 -1
310 473 1
310 476 -1
310 2153 1
311 484 -1
311 485 1
311 489 1
311 2160 -1
312 476 1
312 479 -1
312 484 1
312 2155 1
313 482 -1
313 483 1
313 486 1
313 1562 1
314 477 -1
314 478 1
314 483 -1
314 1554 -1
315 478 -1
315 479 1
315 486 -1
315 1763 -1
316 473 -1
316 474 1
316 491 1
316 696 1
317 474 -1
317 475 1
317 488 -1
317 695 -1
318 487 -1
318 488 1
318 490 -1
318 704 -1
319 489 -1
319 490 1
319 491 -1
319 701 -1
320 493 -1
320 494 1
320 502 1
320 1388 -1
321 492 1
321 496 -1
321 510 -1
321 1393 1
322 492 -1
322 493 1
322 512 -1
322 1392 -1
323 497 1
323 500 -1
323 508 1
323 961 -1
324 497 -1
324 498 1
324 513 1
324 959 1
325 494 -1
325 495 1
325 501 -1
325 1389 1
326 508 -1
326 509 1
326 514 -1
326 975 1
327 501 1
327 504 -1
327 517 -1
327 1512 -1
328 499 -1
328 500 1
328 507 -1
328 1580 -1
329 505 -1
329 506 1
329 515 1
329 1528 -1
330 506 -1
330 507 1
330 520 1
330 1584 -1
331 516 -1
331 517 1
331 518 1
331 1513 1
332 515 -1
332 516 1
332 523 1
332 1535 1
333 520 -1
333 521 1
333 523 -1
333 1805 1
334 503 -1
334 504 1
334 519 -1
334 1302 -1
335 521 -1
335 522 1
335 524 1
335 1311 1
336 518 -1
336 519 1
336 524 -1
336 1314 -1
337 525 1
337 530 -1
337 533 -1
337 2645 1
338 527 -1
338 528 1
338 541 -1
338 1168 -1
339 540 -1
339 541 1
339 544 1
339 1169 1
340 525 -1
340 526 1
340 534 1
340 2647 -1
341 526 -1
341 527 1
341 545 -1
341 1163 1
342 544 -1
342 545 1
342 546 -1
342 1180 -1
343 534 -1
343 535 1
343 546 1
343 2641 1
344 536 -1
344 537 1
344 539 1
344 1710 1
345 535 -1
345 536 1
345 547 -1
345 1706 -1
346 539 -1
346 540 1
346 547 1
346 1703 1
347 529 -1
347 530 1
347 531 1
347 2874 -1
348 528 -1
348 529 1
348 542 1
348 2458 -1
349 532 -1
349 533 1
349 538 -1
349 1680 -1
350 531 -1
350 532 1
350 548 1
350 1681 1
351 542 -1
351 543 1
351 548 -1
351 1696 -1
352 537 -1
352 538 1
352 543 -1
352 1697 1
353 549 -1
353 550 1
353 554 1
353 2669 -1
354 556 -1
354 557 1
354 566 1
354 653 1
355 557 -1
355 558 1
355 572 -1
355 657 -1
356 566 -1
356 567 1
356 572 1
356 659 -1
357 561 -1
357 562 1
357 568 -1
357 1799 1
358 567 -1
358 568 1
358 571 -1
358 1798 -1
359 562 -1
359 563 1
359 569 1
359 1796 1
360 554 -1
360 555 1
360 563 -1
360 2009 1
361 555 -1
361 556 1
361 569 -1
361 1795 1
362 560 1
362 565 -1
362 570 1
362 2135 1
363 560 -1
363 561 1
363 576 -1
363 2363 1
364 570 -1
364 571 1
364 576 1
364 2134 -1
365 550 -1
365 551 1
365 559 -1
365 2351 1
366 558 -1
366 559 1
366 573 1
366 2132 -1
367 549 1
367 553 -1
367 564 1
367 2670 1
368 564 -1
368 565 1
368 575 -1
368 2137 1
369 551 -1
369 552 1
369 577 1
369 1231 1
370 552 -1
370 553 1
370 578 -1
370 1230 -1
371 574 -1
371 575 1
371 578 1
371 1248 -1
372 573 -1
372 574 1
372 577 -1
372 1243 -1
373 580 -1
373 581 1
373 585 -1
373 680 -1
374 579 -1
374 580 1
374 586 1
374 681 1
375 581 -1
375 582 1
375 589 1
375 2098 1
376 579 1
376 584 -1
376 592 -1
376 2097 1
377 592 1
377 595 -1
377 606 -1
377 2722 -1
378 585 1
378 588 -1
378 591 -1
378 682 1
379 601 -1
379 602 1
379 607 -1
379 2421 1
380 589 -1
380 590 1
380 597 -1
380 2817 -1
381 590 -1
381 591 1
381 611 -1
381 2818 1
382 607 1
382 609 -1
382 611 1
382 2420 -1
383 602 -1
383 603 1
383 608 1
383 2249 1
384 596 -1
384 597 1
384 614 -1
384 2242 -1
385 608 -1
385 609 1
385 614 1
385 2243 1
386 586 -1
386 587 1
386 593 1
386 685 1
387 587 -1
387 588 1
387 612 1
387 688 -1
388 603 -1
388 604 1
388 615 1
388 2246 -1
389 596 1
389 599 -1
389 615 -1
389 2247 1
390 612 -1
390 613 1
390 616 1
390 2536 -1
391 600 -1
391 601 1
391 613 -1
391 2688 1
392 594 -1
392 595 1
392 600 1
392 2691 1
393 593 -1
393 594 1
393 616 -1
393 2537 -1
394 583 -1
394 584 1
394 610 -1
394 2100 -1
395 582 -1
395 583 1
395 598 1
395 2101 1
396 598 -1
396 599 1
396 617 1
396 2598 1
397 604 -1
397 605 1
397 617 -1
397 2597 -1
398 605 -1
398 606 1
398 610 1
398 2601 -1
399 619 -1
399 620 1
399 623 1
400 623 -1
400 624 1
400 627 -1
400 2914 1
401 624 -1
401 625 1
401 632 -1
401 2677 1
402 627 1
402 629 -1
402 635 -1
402 2902 -1
403 631 -1
403 632 1
403 635 1
403 2686 -1
404 618 -1
404 619 1
404 628 1
404 2531 -1
405 628 -1
405 629 1
405 636 -1
405 2533 -1
406 630 -1
406 631 1
406 636 1
406 2535 1
407 618 1
407 622 -1
407 637 -1
407 2532 1
408 630 1
408 634 -1
408 637 1
408 2537 1
409 620 -1
409 621 1
409 626 -1
409 2166 1
410 621 -1
410 622 1
410 638 -1
410 2165 -1
411 633 -1
411 634 1
411 638 1
411 2180 -1
412 625 -1
412 626 1
412 633 1
412 2169 1
413 639 1
413 641 -1
413 644 -1
413 885 1
414 640 -1
414 641 1
414 646 1
414 2339 1
415 643 -1
415 644 1
415 645 -1
415 889 -1
416 642 -1
416 643 1
416 648 -1
416 890 -1
417 648 1
417 650 -1
417 652 1
417 1625 -1
418 645 1
418 647 -1
418 652 -1
418 1618 1
419 658 1
419 661 -1
419 663 -1
419 1797 -1
420 662 -1
420 663 1
420 665 1
420 1140 1
421 658 -1
421 659 1
421 664 1
421 1798 1
422 653 -1
422 654 1
422 660 1
422 1488 1
423 660 -1
423 661 1
423 666 -1
423 1497 -1
424 665 -1
424 666 1
424 667 1
424 1143 -1
425 667 -1
425 668 1
425 670 -1
425 1144 1
426 654 -1
426 655 1
426 670 1
426 1487 -1
427 655 -1
427 656 1
427 671 -1
427 2499 1
428 656 -1
428 657 1
428 669 1
428 2133 1
429 674 -1
429 675 1
429 680 1
429 2093 -1
430 673 -1
430 674 1
430 681 -1
430 2094 1
431 672 -1
431 673 1
431 685 -1
431 2532 -1
432 672 1
432 677 -1
432 679 -1
432 2531 1
433 675 -1
433 676 1
433 684 -1
433 1721 1
434 676 -1
434 677 1
434 678 1
434 1720 -1
435 678 -1
435 679 1
435 686 1
435 1725 -1
436 686 -1
436 687 1
436 689 1
436 1122 -1
437 687 -1
437 688 1
437 690 1
437 1114 1
438 682 -1
438 683 1
438 690 -1
438 1118 -1
439 683 -1
439 684 1
439 689 -1
439 1134 1
440 691 1
440 696 -1
440 699 1
440 2152 -1
441 691 -1
441 692 1
441 698 1
441 2324 1
442 694 -1
442 695 1
442 706 1
442 1425 -1
443 703 -1
443 704 1
443 706 -1
443 1429 1
444 692 -1
444 693 1
444 697 -1
444 2276 1
445 693 -1
445 694 1
445 707 -1
445 1426 1
446 699 -1
446 700 1
446 702 -1
446 2158 1
447 700 -1
447 701 1
447 705 1
447 2160 1
448 716 -1
448 717 1
448 722 -1
448 2105 1
449 726 -1
449 727 1
449 734 1
449 1418 -1
450 721 -1
450 722 1
450 734 -1
450 1412 -1
451 715 -1
451 716 1
451 735 1
451 2799 -1
452 727 -1
452 728 1
452 735 -1
452 2216 -1
453 709 -1
453 710 1
453 732 -1
453 1678 -1
454 731 -1
454 732 1
454 736 -1
454 1423 -1
455 721 1
455 724 -1
455 736 1
455 1413 1
456 708 1
456 714 -1
456 725 1
456 1090 -1
457 708 -1
457 709 1
457 733 1
457 1087 1
458 715 1
458 720 -1
458 737 -1
458 2440 1
459 728 -1
459 729 1
459 737 1
459 2219 -1
460 717 -1
460 718 1
460 723 1
460 2104 -1
461 711 -1
461 712 1
461 718 -1
461 2323 -1
462 710 -1
462 711 1
462 738 -1
462 2320 -1
463 723 -1
463 724 1
463 738 1
463 2125 -1
464 712 -1
464 713 1
464 719 1
464 2918 1
465 719 -1
465 720 1
465 739 -1
465 2447 1
466 729 -1
466 730 1
466 739 1
466 2222 -1
467 713 -1
467 714 1
467 730 -1
467 2227 -1
468 740 -1
468 741 1
468 744 -1
468 1736 -1
469 740 1
469 743 -1
469 756 -1
469 1733 1
470 749 -1
470 750 1
470 756 1
470 1740 -1
471 741 -1
471 742 1
471 745 1
471 1267 1
472 742 -1
472 743 1
472 757 -1
472 1271 -1
473 750 -1
473 751 1
473 757 1
473 1287 -1
474 745 -1
474 746 1
474 758 -1
474 1272 1
475 751 -1
475 752 1
475 758 1
475 1277 -1
476 746 -1
476 747 1
476 759 1
476 2613 -1
477 747 -1
477 748 1
477 755 -1
477 2313 1
478 753 -1
478 754 1
478 755 1
478 2321 1
479 760 1
479 763 -1
479 768 1
479 2346 1
480 760 -1
480 761 1
480 770 -1
480 2345 -1
481 764 1
481 767 -1
481 770 1
481 2349 -1
482 764 -1
482 765 1
482 768 -1
482 2348 1
483 761 -1
483 762 1
483 771 1
483 2093 1
484 762 -1
484 763 1
484 769 -1
484 2096 -1
485 765 -1
485 766 1
485 769 1
485 2102 -1
486 766 -1
486 767 1
486 771 -1
486 2098 -1
487 772 1
487 774 -1
487 786 -1
487 2705 -1
488 785 -1
488 786 1
488 790 -1
488 2703 1
489 776 -1
489 777 1
489 790 1
489 1639 1
490 779 -1
490 780 1
490 794 1
490 1652 -1
491 794 -1
491 795 1
491 799 -1
491 1024 -1
492 798 -1
492 799 1
492 802 -1
492 1032 1
493 780 -1
493 781 1
493 798 1
493 1651 1
494 777 -1
494 778 1
494 792 1
494 1050 -1
495 778 -1
495 779 1
495 797 -1
495 1051 1
496 775 1
496 783 -1
496 784 1
496 1658 -1
497 784 -1
497 785 1
497 791 1
497 2462 1
498 775 -1
498 776 1
498 791 -1
498 1643 -1
499 772 -1
499 773 1
499 787 1
499 1917 1
500 773 -1
500 774 1
500 793 -1
500 1921 -1
501 792 -1
501 793 1
501 804 -1
501 1060 -1
502 796 -1
502 797 1
502 804 1
502 1065 1
503 795 -1
503 796 1
503 800 1
503 1025 1
504 787 -1
504 788 1
504 800 -1
504 1021 -1
505 782 -1
505 783 1
505 789 -1
505 1657 1
506 788 -1
506 789 1
506 801 1
506 1018 1
507 801 -1
507 802 1
507 803 -1
507 1027 1
508 781 -1
508 782 1
508 803 1
508 1654 -1
509 805 -1
509 806 1
509 813 -1
509 1465 1
510 816 -1
510 817 1
510 823 -1
510 2189 -1
511 805 1
511 808 -1
511 814 1
511 1838 -1
512 817 -1
512 818 1
512 825 -1
512 1206 -1
513 806 -1
513 807 1
513 809 1
513 1464 -1
514 809 -1
514 810 1
514 826 -1
514 1475 1
515 820 -1
515 821 1
515 826 1
515 1981 -1
516 815 -1
516 816 1
516 820 1
516 2389 1
517 814 -1
517 815 1
517 828 -1
517 1847 1
518 807 -1
518 808 1
518 828 1
518 1839 1
519 822 -1
519 823 1
519 824 1
519 2190 1
520 821 -1
520 822 1
520 827 -1
520 1982 1
521 810 -1
521 811 1
521 827 1
521 1478 -1
522 824 -1
522 825 1
522 830 -1
522 1208 1
523 812 -1
523 813 1
523 819 -1
523 1472 -1
524 811 -1
524 812 1
524 831 1
524 1480 -1
525 829 -1
525 830 1
525 831 -1
525 1207 -1
526 818 -1
526 819 1
526 829 1
526 1205 1
527 832 1
527 835 -1
527 836 1
527 2667 -1
528 836 -1
528 837 1
528 840 1
528 883 1
529 832 -1
529 833 1
529 838 -1
529 2932 1
530 837 -1
530 838 1
530 843 1
530 886 -1
531 833 -1
531 834 1
531 845 1
531 1227 1
532 834 -1
532 835 1
532 839 -1
532 1226 -1
533 839 1
533 842 -1
533 848 1
533 1235 -1
534 845 -1
534 846 1
534 848 -1
534 1236 1
535 840 -1
535 841 1
535 844 -1
535 888 -1
536 841 -1
536 842 1
536 849 -1
536 2668 -1
537 846 -1
537 847 1
537 849 1
537 2887 1
538 843 -1
538 844 1
538 847 -1
538 890 1
539 858 -1
539 859 1
539 862 1
539 1291 -1
540 851 -1
540 852 1
540 856 1
540 2889 -1
541 857 -1
541 858 1
541 868 1
541 2361 -1
542 856 -1
542 857 1
542 871 -1
542 2359 -1
543 868 -1
543 869 1
543 871 1
543 2360 1
544 850 -1
544 851 1
544 855 -1
544 2453 -1
545 865 -1
545 866 1
545 875 1
545 1312 1
546 855 1
546 861 -1
546 875 -1
546 2456 -1
547 850 1
547 854 -1
547 876 1
547 2454 1
548 864 -1
548 865 1
548 876 -1
548 1302 1
549 852 -1
549 853 1
549 872 1
549 2297 1
550 853 -1
550 854 1
550 879 -1
550 2296 -1
551 862 -1
551 863 1
551 870 -1
551 1288 1
552 863 -1
552 864 1
552 878 1
552 1293 1
553 878 -1
553 879 1
553 880 1
553 2298 1
554 869 -1
554 870 1
554 874 -1
554 2433 -1
555 880 -1
555 881 1
555 882 1
555 2158 -1
556 872 -1
556 873 1
556 881 -1
556 2161 -1
557 873 -1
557 874 1
557 882 -1
557 2159 1
558 866 -1
558 867 1
558 877 1
558 1306 -1
559 859 -1
559 860 1
559 867 -1
559 1301 -1
560 860 -1
560 861 1
560 877 -1
560 1903 1
561 883 -1
561 884 1
561 887 1
561 2352 1
562 885 -1
562 886 1
562 889 1
562 2342 -1
563 899 1
563 904 -1
563 907 -1
563 2348 -1
564 899 -1
564 900 1
564 905 1
564 2349 1
565 900 -1
565 901 1
565 908 -1
565 2817 1
566 894 -1
566 895 1
566 908 1
566 1016 1
567 893 -1
567 894 1
567 905 -1
567 1007 1
568 895 -1
568 896 1
568 909 -1
568 1015 -1
569 901 -1
569 902 1
569 909 1
569 2242 1
570 902 -1
570 903 1
570 913 1
570 2251 -1
571 903 -1
571 904 1
571 912 -1
571 2744 1
572 891 1
572 898 -1
572 915 1
572 1022 1
573 891 -1
573 892 1
573 917 -1
573 1026 -1
574 906 -1
574 907 1
574 910 1
574 2350 -1
575 892 -1
575 893 1
575 906 1
575 1013 -1
576 896 -1
576 897 1
576 914 -1
576 1031 1
577 897 -1
577 898 1
577 918 1
577 1033 -1
578 913 -1
578 914 1
578 918 -1
578 2248 -1
579 915 -1
579 916 1
579 919 -1
579 2795 1
580 916 -1
580 917 1
580 920 1
580 2734 1
581 910 -1
581 911 1
581 920 -1
581 2733 -1
582 911 -1
582 912 1
582 919 1
582 2745 1
583 921 1
583 924 -1
583 925 -1
583 1597 1
584 921 -1
584 922 1
584 926 1
584 2582 1
585 926 -1
585 927 1
585 937 1
585 2556 1
586 922 -1
586 923 1
586 936 -1
586 2586 -1
587 923 -1
587 924 1
587 931 -1
587 1590 -1
588 931 1
588 933 -1
588 942 1
588 1591 1
589 927 -1
589 928 1
589 941 1
589 2564 -1
590 937 -1
590 938 1
590 941 -1
590 2560 -1
591 932 -1
591 933 1
591 944 -1
591 1525 1
592 925 1
592 930 -1
592 932 1
592 1524 -1
593 928 -1
593 929 1
593 948 1
593 2275 1
594 942 -1
594 943 1
594 945 1
594 2173 -1
595 935 -1
595 936 1
595 943 -1
595 2601 1
596 934 -1
596 935 1
596 945 -1
596 2174 1
597 934 1
597 940 -1
597 946 1
597 2178 -1
598 946 -1
598 947 1
598 949 1
598 2176 1
599 938 -1
599 939 1
599 950 -1
599 2603 -1
600 939 -1
600 940 1
600 951 1
600 2604 1
601 949 -1
601 950 1
601 951 -1
601 2759 1
602 952 -1
602 953 1
602 966 1
602 1432 -1
603 962 -1
603 963 1
603 965 1
603 2234 -1
604 954 -1
604 955 1
604 963 -1
604 2509 1
605 953 -1
605 954 1
605 965 -1
605 2235 1
606 959 -1
606 960 1
606 970 -1
606 1431 -1
607 966 -1
607 967 1
607 969 1
607 1430 1
608 969 -1
608 970 1
608 972 -1
608 1429 -1
609 955 -1
609 956 1
609 964 1
609 2513 -1
610 971 -1
610 972 1
610 974 -1
610 1559 1
611 967 -1
611 968 1
611 973 1
611 2238 -1
612 973 -1
612 974 1
612 976 1
612 1558 -1
613 957 -1
613 958 1
613 961 1
613 1578 1
614 956 -1
614 957 1
614 975 -1
614 1577 1
615 977 -1
615 978 1
615 987 -1
615 1837 -1
616 977 1
616 980 -1
616 984 1
616 1838 1
617 978 -1
617 979 1
617 988 1
617 1466 1
618 982 -1
618 983 1
618 988 -1
618 1471 1
619 979 -1
619 980 1
619 983 -1
619 1465 -1
620 987 1
620 990 -1
620 992 -1
620 1848 -1
621 981 -1
621 982 1
621 989 1
621 2575 -1
622 989 -1
622 990 1
622 993 -1
622 2572 -1
623 981 1
623 986 -1
623 993 1
623 2573 1
624 984 -1
624 985 1
624 991 1
624 1846 -1
625 985 -1
625 986 1
625 994 -1
625 2724 -1
626 991 -1
626 992 1
626 994 1
626 1849 -1
627 995 1
627 997 -1
627 998 -1
627 2831 1
628 998 1
628 1001 -1
628 1002 1
628 2607 -1
629 996 -1
629 997 1
629 999 1
629 2853 -1
630 999 -1
630 1000 1
630 1004 1
630 1271 1
631 1000 -1
631 1001 1
631 1003 1
631 1270 -1
632 1004 -1
632 1005 1
632 1006 -1
632 1287 1
633 1014 1
633 1017 -1
633 1027 -1
633 2771 -1
634 1014 -1
634 1015 1
634 1031 -1
634 2241 -1
635 1016 -1
635 1017 1
635 1028 1
635 2772 1
636 1023 -1
636 1024 1
636 1032 -1
636 2650 1
637 1022 -1
637 1023 1
637 1033 1
637 2798 1
638 1018 -1
638 1019 1
638 1030 -1
638 1713 -1
639 1009 -1
639 1010 1
639 1019 -1
639 1714 1
640 1028 -1
640 1029 1
640 1034 1
640 1860 1
641 1029 -1
641 1030 1
641 1035 -1
641 1718 -1
642 1008 -1
642 1009 1
642 1035 1
642 1715 1
643 1007 -1
643 1008 1
643 1034 -1
643 1859 -1
644 1010 -1
644 1011 1
644 1020 1
644 1265 -1
645 1025 -1
645 1026 1
645 1036 1
645 1927 -1
646 1020 -1
646 1021 1
646 1037 1
646 1264 1
647 1011 -1
647 1012 1
647 1037 -1
647 1266 1
648 1012 -1
648 1013 1
648 1036 -1
648 1929 -1
649 1050 1
649 1054 -1
649 1055 -1
649 1639 -1
650 1039 -1
650 1040 1
650 1051 -1
650 1656 1
651 1055 1
651 1057 -1
651 1058 1
651 2226 1
652 1047 -1
652 1048 1
652 1058 -1
652 2057 1
653 1040 -1
653 1041 1
653 1066 -1
653 2816 -1
654 1046 -1
654 1047 1
654 1059 1
654 2056 1
655 1038 1
655 1044 -1
655 1061 1
655 1760 -1
656 1038 -1
656 1039 1
656 1052 1
656 1645 1
657 1053 -1
657 1054 1
657 1056 1
657 1640 1
658 1052 -1
658 1053 1
658 1070 1
658 1644 -1
659 1061 -1
659 1062 1
659 1070 -1
659 1762 1
660 1062 -1
660 1063 1
660 1067 -1
660 2217 -1
661 1056 -1
661 1057 1
661 1067 1
661 2218 1
662 1041 -1
662 1042 1
662 1068 1
662 1612 -1
663 1045 -1
663 1046 1
663 1068 -1
663 1608 1
664 1043 -1
664 1044 1
664 1064 -1
664 2381 1
665 1059 -1
665 1060 1
665 1069 1
665 1924 -1
666 1065 -1
666 1066 1
666 1069 -1
666 1925 1
667 1071 1
667 1074 -1
667 1076 -1
667 1906 -1
668 1071 -1
668 1072 1
668 1088 -1
668 2516 -1
669 1087 -1
669 1088 1
669 1094 -1
669 1676 1
670 1075 -1
670 1076 1
670 1091 1
670 1773 -1
671 1072 -1
671 1073 1
671 1089 1
671 2780 1
672 1073 -1
672 1074 1
672 1077 1
672 1904 1
673 1077 -1
673 1078 1
673 1084 -1
673 1909 -1
674 1083 -1
674 1084 1
674 1089 -1
674 2291 1
675 1082 -1
675 1083 1
675 1090 1
675 2224 -1
676 1075 1
676 1081 -1
676 1092 -1
676 1186 1
677 1091 -1
677 1092 1
677 1096 -1
677 1185 -1
678 1078 -1
678 1079 1
678 1085 1
678 1910 1
679 1093 -1
679 1094 1
679 1095 1
679 1675 -1
680 1095 -1
680 1096 1
680 1097 1
680 1201 1
681 1079 -1
681 1080 1
681 1099 1
681 1912 -1
682 1080 -1
682 1081 1
682 1098 -1
682 1204 -1
683 1085 -1
683 1086 1
683 1099 -1
683 1974 1
684 1109 -1
684 1110 1
684 1116 1
684 2416 1
685 1100 -1
685 1101 1
685 1111 -1
685 2823 -1
686 1101 -1
686 1102 1
686 1121 -1
686 2533 1
687 1114 -1
687 1115 1
687 1121 1
687 2534 -1
688 1110 -1
688 1111 1
688 1115 -1
688 2827 1
689 1104 -1
689 1105 1
689 1126 -1
689 2369 -1
690 1108 1
690 1113 -1
690 1124 -1
690 2084 1
691 1108 -1
691 1109 1
691 1120 -1
691 2089 1
692 1116 -1
692 1117 1
692 1119 1
692 2420 1
693 1123 -1
693 1124 1
693 1131 -1
693 2077 1
694 1119 -1
694 1120 1
694 1131 1
694 2076 -1
695 1100 1
695 1107 -1
695 1112 1
695 1864 -1
696 1112 -1
696 1113 1
696 1125 1
696 1898 1
697 1125 -1
697 1126 1
697 1130 -1
697 1900 1
698 1117 -1
698 1118 1
698 1132 1
698 2818 -1
699 1123 1
699 1128 -1
699 1132 -1
699 2374 1
700 1102 -1
700 1103 1
700 1122 1
700 1725 1
701 1103 -1
701 1104 1
701 1127 1
701 1724 -1
702 1127 -1
702 1128 1
702 1134 -1
702 1728 -1
703 1105 -1
703 1106 1
703 1129 1
703 2801 1
704 1106 -1
704 1107 1
704 1133 -1
704 1865 1
705 1129 -1
705 1130 1
705 1133 1
705 1880 -1
706 1139 1
706 1142 -1
706 1145 1
706 2366 -1
707 1135 -1
707 1136 1
707 1148 -1
707 2275 -1
708 1145 -1
708 1146 1
708 1148 1
708 2564 1
709 1137 -1
709 1138 1
709 1143 1
709 1496 -1
710 1136 -1
710 1137 1
710 1153 -1
710 2018 1
711 1141 -1
711 1142 1
711 1152 1
711 2367 1
712 1140 -1
712 1141 1
712 1154 -1
712 2014 -1
713 1152 -1
713 1153 1
713 1154 1
713 2015 1
714 1146 -1
714 1147 1
714 1151 -1
714 2563 -1
715 1149 -1
715 1150 1
715 1159 -1
715 1566 -1
716 1150 -1
716 1151 1
716 1161 1
716 2699 1
717 1155 -1
717 1156 1
717 1160 1
717 2794 1
718 1158 -1
718 1159 1
718 1160 -1
718 1569 -1
719 1156 -1
719 1157 1
719 1162 -1
719 2506 1
720 1170 -1
720 1171 1
720 1175 -1
720 1709 -1
721 1169 -1
721 1170 1
721 1177 1
721 1703 -1
722 1174 -1
722 1175 1
722 1178 -1
722 1707 -1
723 1177 -1
723 1178 1
723 1179 1
723 1704 1
724 1179 -1
724 1180 1
724 1181 1
724 2140 1
725 1163 -1
725 1164 1
725 1181 -1
725 2139 1
726 1164 -1
726 1165 1
726 1182 1
726 1254 1
727 1173 -1
727 1174 1
727 1182 -1
727 1258 -1
728 1165 -1
728 1166 1
728 1173 1
728 1257 -1
729 1171 -1
729 1172 1
729 1176 1
729 2463 -1
730 1166 -1
730 1167 1
730 1176 -1
730 2705 1
731 1167 -1
731 1168 1
731 1172 -1
731 2459 1
732 1189 -1
732 1190 1
732 1194 1
732 2337 1
733 1183 -1
733 1184 1
733 1190 -1
733 1776 1
734 1184 -1
734 1185 1
734 1199 1
734 1775 1
735 1183 1
735 1188 -1
735 1191 1
735 1446 1
736 1194 -1
736 1195 1
736 1200 -1
736 2332 1
737 1199 -1
737 1200 1
737 1201 -1
737 2331 1
738 1189 1
738 1193 -1
738 1198 -1
738 2575 1
739 1186 -1
739 1187 1
739 1204 1
739 1774 1
740 1192 -1
740 1193 1
740 1205 -1
740 2752 -1
741 1191 -1
741 1192 1
741 1202 1
741 1450 1
742 1187 -1
742 1188 1
742 1202 -1
742 1445 -1
743 1195 -1
743 1196 1
743 1203 -1
743 2574 1
744 1197 -1
744 1198 1
744 1206 1
744 2195 -1
745 1209 1
745 1214 -1
745 1215 -1
745 1500 1
746 1211 -1
746 1212 1
746 1218 -1
746 2229 1
747 1209 -1
747 1210 1
747 1216 1
747 1499 -1
748 1210 -1
748 1211 1
748 1219 1
748 2130 -1
749 1216 -1
749 1217 1
749 1219 -1
749 1507 1
750 1212 -1
750 1213 1
750 1222 1
750 2228 -1
751 1213 -1
751 1214 1
751 1221 -1
751 2820 1
752 1220 -1
752 1221 1
752 1224 1
752 2723 -1
753 1222 -1
753 1223 1
753 1224 -1
753 2233 1
754 1225 -1
754 1226 1
754 1233 -1
754 2667 1
755 1225 1
755 1231 -1
755 1232 1
755 2351 -1
756 1232 -1
756 1233 1
756 1241 -1
756 2352 -1
757 1234 -1
757 1235 1
757 1240 1
757 1823 -1
758 1227 -1
758 1228 1
758 1236 -1
758 2885 1
759 1234 1
759 1239 -1
759 1244 1
759 1822 1
760 1242 -1
760 1243 1
760 1246 -1
760 1828 -1
761 1228 -1
761 1229 1
761 1237 1
761 2729 1
762 1244 -1
762 1245 1
762 1247 1
762 1826 1
763 1245 -1
763 1246 1
763 1248 1
763 1830 -1
764 1229 -1
764 1230 1
764 1249 1
764 2728 -1
765 1237 -1
765 1238 1
765 1249 -1
765 2738 1
766 1238 -1
766 1239 1
766 1247 -1
766 2778 -1
767 1254 -1
767 1255 1
767 1259 1
767 2138 -1
768 1250 -1
768 1251 1
768 1255 -1
768 2894 1
769 1258 1
769 1261 -1
769 1262 1
769 1707 1
770 1250 1
770 1253 -1
770 1256 1
770 1914 -1
771 1256 -1
771 1257 1
771 1264 -1
771 1917 -1
772 1260 -1
772 1261 1
772 1263 -1
772 1708 -1
773 1262 -1
773 1263 1
773 1265 1
773 1714 -1
774 1252 -1
774 1253 1
774 1266 -1
774 1915 1
775 1269 -1
775 1270 1
775 1276 -1
775 2605 1
776 1275 -1
776 1276 1
776 1282 -1
776 2608 1
777 1267 -1
777 1268 1
777 1278 1
777 2865 1
778 1268 -1
778 1269 1
778 1281 1
778 2800 1
779 1281 -1
779 1282 1
779 1283 -1
779 2802 -1
780 1278 -1
780 1279 1
780 1283 1
780 2860 -1
781 1272 -1
781 1273 1
781 1280 -1
781 2612 1
782 1279 -1
782 1280 1
782 1285 -1
782 2715 -1
783 1274 -1
783 1275 1
783 1284 1
783 2617 1
784 1273 -1
784 1274 1
784 1286 -1
784 2621 1
785 1284 -1
785 1285 1
785 1286 1
785 2707 1
786 1289 -1
786 1290 1
786 1295 -1
786 2813 1
787 1290 -1
787 1291 1
787 1300 -1
787 2815 1
788 1299 -1
788 1300 1
788 1301 1
788 1896 -1
789 1294 -1
789 1295 1
789 1299 1
789 1891 -1
790 1294 1
790 1298 -1
790 1303 1
790 1890 -1
791 1297 -1
791 1298 1
791 1307 -1
791 2708 -1
792 1296 -1
792 1297 1
792 1310 -1
792 2720 1
793 1303 -1
793 1304 1
793 1308 1
793 1810 -1
794 1308 -1
794 1309 1
794 1311 -1
794 1806 1
795 1304 -1
795 1305 1
795 1315 1
795 1816 -1
796 1305 -1
796 1306 1
796 1316 1
796 1883 -1
797 1312 -1
797 1313 1
797 1316 -1
797 2457 1
798 1313 -1
798 1314 1
798 1315 -1
798 1817 1
799 1318 -1
799 1319 1
799 1326 -1
799 2856 1
800 1317 -1
800 1318 1
800 1325 1
800 2932 -1
801 1325 -1
801 1326 1
801 1327 1
801 2857 1
802 1327 -1
802 1328 1
802 1330 -1
802 1547 -1
803 1319 -1
803 1320 1
803 1329 -1
803 1457 1
804 1320 -1
804 1321 1
804 1334 1
804 1456 -1
805 1328 -1
805 1329 1
805 1334 -1
805 1463 -1
806 1317 1
806 1324 -1
806 1331 1
806 2885 -1
807 1330 1
807 1333 -1
807 1335 1
807 1545 -1
808 1331 -1
808 1332 1
808 1338 -1
808 2887 -1
809 1332 -1
809 1333 1
809 1341 -1
809 2900 1
810 1321 -1
810 1322 1
810 1336 -1
810 1537 -1
811 1335 -1
811 1336 1
811 1339 1
811 1543 1
812 1322 -1
812 1323 1
812 1343 1
812 1916 -1
813 1323 -1
813 1324 1
813 1337 1
813 2729 -1
814 1337 -1
814 1338 1
814 1342 -1
814 2737 1
815 1340 -1
815 1341 1
815 1342 1
815 2736 -1
816 1339 -1
816 1340 1
816 1343 -1
816 1926 -1
817 1344 -1
817 1345 1
817 1348 1
817 1459 -1
818 1344 1
818 1347 -1
818 1355 -1
818 1460 1
819 1348 -1
819 1349 1
819 1353 1
819 1461 -1
820 1354 -1
820 1355 1
820 1357 -1
820 1462 1
821 1353 -1
821 1354 1
821 1360 -1
821 1463 1
822 1356 -1
822 1357 1
822 1363 -1
822 1540 -1
823 1360 1
823 1362 -1
823 1363 1
823 1546 1
824 1356 1
824 1359 -1
824 1365 -1
824 1616 1
825 1361 -1
825 1362 1
825 1364 1
825 1619 -1
826 1349 -1
826 1350 1
826 1361 1
826 2341 1
827 1350 -1
827 1351 1
827 1366 -1
827 2340 -1
828 1364 -1
828 1365 1
828 1366 1
828 1615 -1
829 1345 -1
829 1346 1
829 1352 -1
829 2408 1
830 1346 -1
830 1347 1
830 1358 1
830 2407 -1
831 1358 -1
831 1359 1
831 1367 -1
831 2414 1
832 1351 -1
832 1352 1
832 1367 1
832 2411 1
833 1368 1
833 1371 -1
833 1372 -1
833 2630 1
834 1368 -1
834 1369 1
834 1376 1
834 2629 -1
835 1370 -1
835 1371 1
835 1373 1
835 2766 -1
836 1369 -1
836 1370 1
836 1380 -1
836 2755 -1
837 1376 -1
837 1377 1
837 1380 1
837 2635 1
838 1372 1
838 1375 -1
838 1379 -1
838 2632 1
839 1377 -1
839 1378 1
839 1381 1
839 2177 -1
840 1378 -1
840 1379 1
840 1382 -1
840 2182 1
841 1374 -1
841 1375 1
841 1382 1
841 2167 -1
842 1373 -1
842 1374 1
842 1381 -1
842 2168 1
843 1384 -1
843 1385 1
843 1388 1
843 2296 1
844 1385 -1
844 1386 1
844 1391 1
844 1763 1
845 1391 -1
845 1392 1
845 1393 -1
845 1766 -1
846 1383 -1
846 1384 1
846 1390 -1
846 2454 -1
847 1389 -1
847 1390 1
847 1394 1
847 1512 1
848 1383 1
848 1387 -1
848 1394 -1
848 1511 -1
849 1406 -1
849 1407 1
849 1412 1
849 2122 -1
850 1395 -1
850 1396 1
850 1407 -1
850 2749 -1
851 1400 1
851 1404 -1
851 1415 1
851 2896 1
852 1395 1
852 1399 -1
852 1408 1
852 2025 1
853 1405 -1
853 1406 1
853 1411 -1
853 1812 -1
854 1411 1
854 1414 -1
854 1419 -1
854 1807 -1
855 1415 -1
855 1416 1
855 1419 1
855 1805 -1
856 1405 1
856 1410 -1
856 1416 -1
856 1800 1
857 1422 -1
857 1423 1
857 1424 -1
857 1673 1
858 1401 -1
858 1402 1
858 1424 1
858 2884 1
859 1400 -1
859 1401 1
859 1420 -1
859 2883 1
860 1413 -1
860 1414 1
860 1420 1
860 2123 1
861 1408 -1
861 1409 1
861 1421 1
861 2029 -1
862 1409 -1
862 1410 1
862 1417 1
862 2898 1
863 1403 -1
863 1404 1
863 1417 -1
863 2899 1
864 1397 -1
864 1398 1
864 1403 1
864 2751 -1
865 1398 -1
865 1399 1
865 1421 -1
865 2036 1
866 1425 1
866 1428 -1
866 1430 -1
866 2230 -1
867 1432 1
867 1434 -1
867 1436 -1
867 2239 1
868 1426 -1
868 1427 1
868 1437 1
868 2279 -1
869 1427 -1
869 1428 1
869 1433 1
869 2231 1
870 1433 -1
870 1434 1
870 1438 -1
870 2240 1
871 1435 -1
871 1436 1
871 1438 1
871 2335 1
872 1439 1
872 1443 -1
872 1444 1
872 1770 -1
873 1444 -1
873 1445 1
873 1447 1
873 1774 -1
874 1439 -1
874 1440 1
874 1448 -1
874 1905 -1
875 1440 -1
875 1441 1
875 1452 -1
875 1966 -1
876 1449 1
876 1451 -1
876 1452 1
876 1977 -1
877 1447 -1
877 1448 1
877 1449 -1
877 1912 1
878 1442 -1
878 1443 1
878 1446 -1
878 1771 1
879 1441 -1
879 1442 1
879 1453 1
879 2871 -1
880 1450 -1
880 1451 1
880 1453 -1
880 2789 1
881 1454 -1
881 1455 1
881 1459 1
882 1455 -1
882 1456 1
882 1458 -1
882 1536 1
883 1458 1
883 1460 -1
883 1462 -1
883 1538 1
884 1454 1
884 1457 -1
884 1461 1
884 2856 -1
885 1471 -1
885 1472 1
885 1474 -1
885 2752 1
886 1466 -1
886 1467 1
886 1473 1
886 2873 1
887 1467 -1
887 1468 1
887 1481 -1
887 2376 1
888 1479 -1
888 1480 1
888 1481 1
888 2383 -1
889 1473 -1
889 1474 1
889 1479 1
889 2789 -1
890 1464 1
890 1470 -1
890 1483 -1
890 2854 1
891 1475 -1
891 1476 1
891 1483 1
891 1991 -1
892 1468 -1
892 1469 1
892 1482 1
892 2375 -1
893 1469 -1
893 1470 1
893 1484 -1
893 2821 -1
894 1476 -1
894 1477 1
894 1484 1
894 1992 1
895 1477 -1
895 1478 1
895 1482 -1
895 1998 -1
896 1485 1
896 1490 -1
896 1491 1
896 2304 1
897 1485 -1
897 1486 1
897 1494 1
897 2303 -1
898 1486 -1
898 1487 1
898 1495 1
898 2790 1
899 1489 -1
899 1490 1
899 1493 -1
899 2011 -1
900 1492 -1
900 1493 1
900 1496 1
900 2019 -1
901 1488 -1
901 1489 1
901 1497 1
901 1795 -1
902 1498 1
902 1501 -1
902 1502 1
903 1498 -1
903 1499 1
903 1504 -1
903 2129 1
904 1500 -1
904 1501 1
904 1505 1
904 2819 -1
905 1502 -1
905 1503 1
905 1506 -1
905 1628 1
906 1503 -1
906 1504 1
906 1508 -1
906 1627 -1
907 1507 -1
907 1508 1
907 1509 -1
907 1637 -1
908 1517 -1
908 1518 1
908 1521 1
908 1602 -1
909 1514 -1
909 1515 1
909 1517 1
909 2457 -1
910 1521 -1
910 1522 1
910 1531 -1
910 1599 -1
911 1522 -1
911 1523 1
911 1527 1
911 1581 1
912 1523 -1
912 1524 1
912 1529 -1
912 1567 1
913 1518 -1
913 1519 1
913 1526 -1
913 1603 1
914 1527 -1
914 1528 1
914 1532 1
914 1582 -1
915 1513 -1
915 1514 1
915 1530 1
915 1817 -1
916 1530 -1
916 1531 1
916 1533 -1
916 1813 1
917 1532 -1
917 1533 1
917 1535 -1
917 1804 -1
918 1510 -1
918 1511 1
918 1516 -1
918 2171 -1
919 1525 -1
919 1526 1
919 1534 1
919 1604 -1
920 1519 -1
920 1520 1
920 1534 -1
920 2183 -1
921 1515 -1
921 1516 1
921 1520 -1
921 2184 -1
922 1540 1
922 1542 -1
922 1544 1
922 1609 -1
923 1536 -1
923 1537 1
923 1539 -1
923 1914 1
924 1541 -1
924 1542 1
924 1543 -1
924 1922 1
925 1538 -1
925 1539 1
925 1541 1
925 1918 1
926 1546 -1
926 1547 1
926 1548 1
926 1626 1
927 1544 -1
927 1545 1
927 1548 -1
927 1610 1
928 1560 1
928 1561 -1
928 1562 -1
928 1766 1
929 1554 1
929 1556 -1
929 1563 -1
929 1764 1
930 1549 -1
930 1550 1
930 1557 1
930 2230 1
931 1550 -1
931 1551 1
931 1564 -1
931 2229 -1
932 1557 -1
932 1558 1
932 1564 1
932 2238 1
933 1552 -1
933 1553 1
933 1555 1
933 2129 -1
934 1555 -1
934 1556 1
934 1565 -1
934 2131 -1
935 1551 -1
935 1552 1
935 1565 1
935 2130 1
936 1566 1
936 1568 -1
936 1570 1
936 2695 -1
937 1570 -1
937 1571 1
937 1576 -1
937 1958 -1
938 1567 -1
938 1568 1
938 1575 1
938 1597 -1
939 1575 -1
939 1576 1
939 1581 -1
939 1598 1
940 1571 -1
940 1572 1
940 1582 1
940 1936 -1
941 1569 1
941 1574 -1
941 1577 -1
941 2893 -1
942 1578 -1
942 1579 1
942 1585 1
942 1930 1
943 1572 -1
943 1573 1
943 1583 1
943 2899 -1
944 1573 -1
944 1574 1
944 1585 -1
944 2927 1
945 1579 -1
945 1580 1
945 1586 1
945 1931 -1
946 1583 -1
946 1584 1
946 1586 -1
946 2896 -1
947 1589 -1
947 1590 1
947 1594 -1
947 2692 -1
948 1594 1
948 1596 -1
948 1598 -1
948 1937 1
949 1587 1
949 1593 -1
949 1601 -1
949 2529 -1
950 1588 -1
950 1589 1
950 1595 1
950 2666 -1
951 1595 -1
951 1596 1
951 1599 1
951 1941 -1
952 1600 -1
952 1601 1
952 1602 1
952 2526 -1
953 1587 -1
953 1588 1
953 1600 1
953 2525 1
954 1591 -1
954 1592 1
954 1604 1
954 2181 1
955 1592 -1
955 1593 1
955 1603 -1
955 2690 -1
956 1614 -1
956 1615 1
956 1617 1
956 2146 -1
957 1605 1
957 1607 -1
957 1608 -1
957 2044 -1
958 1605 -1
958 1606 1
958 1609 1
958 2748 1
959 1606 -1
959 1607 1
959 1623 -1
959 2045 1
960 1613 1
960 1616 -1
960 1624 -1
960 2414 -1
961 1613 -1
961 1614 1
961 1620 -1
961 2147 1
962 1620 1
962 1621 -1
962 1622 1
962 2049 -1
963 1622 -1
963 1623 1
963 1624 1
963 2054 1
964 1610 -1
964 1611 1
964 1625 1
964 2900 -1
965 1618 -1
965 1619 1
965 1626 -1
965 2344 1
966 1627 1
966 1632 -1
966 1637 1
966 2131 1
967 1628 -1
967 1629 1
967 1633 -1
967 2469 1
968 1629 -1
968 1630 1
968 1634 -1
968 2468 -1
969 1630 -1
969 1631 1
969 1635 1
969 1765 1
970 1631 -1
970 1632 1
970 1638 -1
970 1764 -1
971 1635 -1
971 1636 1
971 1638 1
971 1767 -1
972 1647 -1
972 1648 1
972 1651 -1
972 1745 -1
973 1645 -1
973 1646 1
973 1656 -1
973 1759 1
974 1646 -1
974 1647 1
974 1652 1
974 1746 1
975 1644 1
975 1650 -1
975 1655 -1
975 1761 -1
976 1640 -1
976 1641 1
976 1655 1
976 2704 -1
977 1641 -1
977 1642 1
977 1659 1
977 2438 1
978 1648 -1
978 1649 1
978 1653 1
978 1748 -1
979 1649 -1
979 1650 1
979 1661 -1
979 1754 -1
980 1659 -1
980 1660 1
980 1664 -1
980 2443 -1
981 1660 -1
981 1661 1
981 1665 1
981 2488 1
982 1653 -1
982 1654 1
982 1665 -1
982 2485 -1
983 1642 -1
983 1643 1
983 1662 1
983 2445 1
984 1657 -1
984 1658 1
984 1666 1
984 2461 -1
985 1662 -1
985 1663 1
985 1668 1
985 2452 1
986 1663 -1
986 1664 1
986 1667 -1
986 2451 -1
987 1666 -1
987 1667 1
987 1668 -1
987 2464 -1
988 1669 -1
988 1670 1
988 1675 1
988 2515 -1
989 1669 1
989 1672 -1
989 1676 -1
989 2516 1
990 1670 -1
990 1671 1
990 1674 -1
990 2929 -1
991 1671 -1
991 1672 1
991 1677 1
991 2915 1
992 1677 -1
992 1678 1
992 1679 -1
992 2880 -1
993 1673 -1
993 1674 1
993 1679 1
993 2881 1
994 1682 -1
994 1683 1
994 1686 1
994 2369 1
995 1686 -1
995 1687 1
995 1693 -1
995 2370 1
996 1687 -1
996 1688 1
996 1694 1
996 2371 -1
997 1680 1
997 1685 -1
997 1700 -1
997 1855 -1
998 1694 -1
998 1695 1
998 1696 1
998 2464 1
999 1692 -1
999 1693 1
999 1695 -1
999 2774 -1
1000 1681 -1
1000 1682 1
1000 1692 1
1000 2875 -1
1001 1688 -1
1001 1689 1
1001 1698 -1
1001 1711 1
1002 1689 -1
1002 1690 1
1002 1701 1
1002 1717 1
1003 1699 -1
1003 1700 1
1003 1701 -1
1003 1716 -1
1004 1697 -1
1004 1698 1
1004 1699 1
1004 1710 -1
1005 1690 -1
1005 1691 1
1005 1702 -1
1005 1727 -1
1006 1683 -1
1006 1684 1
1006 1691 -1
1006 1724 1
1007 1684 -1
1007 1685 1
1007 1702 1
1007 1723 -1
1008 1705 -1
1008 1706 1
1008 1716 1
1008 1857 -1
1009 1709 1
1009 1712 -1
1009 1713 1
1009 2461 1
1010 1711 -1
1010 1712 1
1010 1719 -1
1010 2371 1
1011 1717 -1
1011 1718 1
1011 1719 1
1011 1862 1
1012 1720 1
1012 1722 -1
1012 1723 1
1012 1852 -1
1013 1721 -1
1013 1722 1
1013 1726 1
1013 1853 1
1014 1726 -1
1014 1727 1
1014 1728 1
1014 1861 -1
1015 1729 -1
1015 1730 1
1015 1734 1
1015 2839 -1
1016 1730 -1
1016 1731 1
1016 1733 -1
1016 2851 1
1017 1731 -1
1017 1732 1
1017 1740 1
1017 2850 -1
1018 1734 -1
1018 1735 1
1018 1739 1
1018 2843 -1
1019 1735 -1
1019 1736 1
1019 1738 -1
1019 2928 1
1020 1737 -1
1020 1738 1
1020 1739 -1
1020 2844 1
1021 1744 -1
1021 1745 1
1021 1748 1
1021 2484 1
1022 1741 -1
1022 1742 1
1022 1749 1
1022 2020 1
1023 1742 -1
1023 1743 1
1023 1751 -1
1023 2026 1
1024 1743 -1
1024 1744 1
1024 1752 1
1024 2482 1
1025 1741 1
1025 1747 -1
1025 1755 1
1025 2652 -1
1026 1752 -1
1026 1753 1
1026 1757 1
1026 2481 -1
1027 1753 -1
1027 1754 1
1027 1761 1
1027 2487 -1
1028 1755 -1
1028 1756 1
1028 1760 1
1028 2657 1
1029 1749 -1
1029 1750 1
1029 1756 -1
1029 2024 -1
1030 1750 -1
1030 1751 1
1030 1758 -1
1030 2025 -1
1031 1757 -1
1031 1758 1
1031 1762 -1
1031 2749 1
1032 1746 -1
1032 1747 1
1032 1759 -1
1032 2653 1
1033 1769 -1
1033 1770 1
1033 1773 1
1033 1906 1
1034 1769 1
1034 1772 -1
1034 1775 -1
1034 2328 -1
1035 1771 -1
1035 1772 1
1035 1776 -1
1035 2329 1
1036 1777 1
1036 1780 -1
1036 1781 1
1036 2914 -1
1037 1777 -1
1037 1778 1
1037 1783 -1
1037 2888 1
1038 1779 -1
1038 1780 1
1038 1784 -1
1038 2876 -1
1039 1778 -1
1039 1779 1
1039 1789 -1
1039 2877 1
1040 1784 1
1040 1786 -1
1040 1790 -1
1040 2689 -1
1041 1782 -1
1041 1783 1
1041 1787 1
1041 2891 1
1042 1781 -1
1042 1782 1
1042 1785 1
1042 2913 1
1043 1785 -1
1043 1786 1
1043 1793 1
1043 2684 -1
1044 1790 1
1044 1792 -1
1044 1793 -1
1044 2685 1
1045 1788 -1
1045 1789 1
1045 1791 1
1045 2530 1
1046 1787 -1
1046 1788 1
1046 1794 -1
1046 2523 1
1047 1791 -1
1047 1792 1
1047 1794 1
1047 2522 -1
1048 1796 -1
1048 1797 1
1048 1799 -1
1048 2016 1
1049 1806 -1
1049 1807 1
1049 1808 1
1049 2119 -1
1050 1800 -1
1050 1801 1
1050 1811 1
1050 2483 -1
1051 1808 -1
1051 1809 1
1051 1814 -1
1051 2113 1
1052 1811 -1
1052 1812 1
1052 1814 1
1052 2112 -1
1053 1803 -1
1053 1804 1
1053 1813 -1
1053 1932 1
1054 1809 -1
1054 1810 1
1054 1815 -1
1054 1889 1
1055 1801 -1
1055 1802 1
1055 1815 1
1055 1892 -1
1056 1802 -1
1056 1803 1
1056 1816 1
1056 1884 1
1057 1818 1
1057 1821 -1
1057 1822 -1
1057 2886 -1
1058 1818 -1
1058 1819 1
1058 1824 1
1058 2060 -1
1059 1820 -1
1059 1821 1
1059 1823 1
1059 2668 1
1060 1826 -1
1060 1827 1
1060 1831 -1
1060 2762 1
1061 1829 -1
1061 1830 1
1061 1831 1
1061 2136 -1
1062 1832 1
1062 1835 -1
1062 1837 1
1062 2909 -1
1063 1843 -1
1063 1844 1
1063 1846 1
1063 2401 -1
1064 1832 -1
1064 1833 1
1064 1836 -1
1064 2819 1
1065 1836 1
1065 1840 -1
1065 1841 1
1065 2396 -1
1066 1834 -1
1066 1835 1
1066 1848 1
1066 2897 -1
1067 1833 -1
1067 1834 1
1067 1850 1
1067 2820 -1
1068 1841 -1
1068 1842 1
1068 1850 -1
1068 2399 1
1069 1842 -1
1069 1843 1
1069 1849 1
1069 2402 1
1070 1839 -1
1070 1840 1
1070 1845 -1
1070 2397 1
1071 1844 -1
1071 1845 1
1071 1847 -1
1071 2405 1
1072 1851 -1
1072 1852 1
1072 1855 1
1072 2644 -1
1073 1856 -1
1073 1857 1
1073 1858 -1
1073 2641 -1
1074 1853 -1
1074 1854 1
1074 1859 1
1074 2345 1
1075 1860 -1
1075 1861 1
1075 1862 -1
1075 2372 -1
1076 1865 -1
1076 1866 1
1076 1874 -1
1076 2800 -1
1077 1870 1
1077 1873 -1
1077 1874 1
1077 2802 1
1078 1870 -1
1078 1871 1
1078 1877 1
1078 2803 -1
1079 1871 -1
1079 1872 1
1079 1890 1
1079 2861 1
1080 1872 -1
1080 1873 1
1080 1876 -1
1080 2858 1
1081 1866 -1
1081 1867 1
1081 1875 1
1081 2809 1
1082 1875 -1
1082 1876 1
1082 1891 1
1082 2814 -1
1083 1881 1
1083 1888 -1
1083 1897 1
1083 2665 1
1084 1881 -1
1084 1882 1
1084 1893 -1
1084 2519 1
1085 1863 1
1085 1869 -1
1085 1893 1
1085 2518 -1
1086 1863 -1
1086 1864 1
1086 1897 -1
1086 2824 1
1087 1877 -1
1087 1878 1
1087 1889 -1
1087 2496 1
1088 1884 -1
1088 1885 1
1088 1892 1
1088 2492 1
1089 1885 -1
1089 1886 1
1089 1899 -1
1089 2088 1
1090 1879 -1
1090 1880 1
1090 1901 -1
1090 2091 -1
1091 1878 -1
1091 1879 1
1091 1899 1
1091 2087 -1
1092 1882 -1
1092 1883 1
1092 1894 1
1092 2526 1
1093 1887 -1
1093 1888 1
1093 1898 -1
1093 2373 -1
1094 1886 -1
1094 1887 1
1094 1902 1
1094 2085 -1
1095 1900 -1
1095 1901 1
1095 1902 -1
1095 2086 1
1096 1868 -1
1096 1869 1
1096 1895 -1
1096 2517 1
1097 1894 -1
1097 1895 1
1097 1903 -1
1097 2530 -1
1098 1867 -1
1098 1868 1
1098 1896 1
1098 2812 -1
1099 1904 -1
1099 1905 1
1099 1907 1
1099 1963 1
1100 1907 -1
1100 1908 1
1100 1911 -1
1100 1973 1
1101 1910 -1
1101 1911 1
1101 1913 -1
1101 1972 -1
1102 1908 -1
1102 1909 1
1102 1913 1
1102 2290 -1
1103 1918 -1
1103 1919 1
1103 1922 -1
1103 2748 -1
1104 1919 -1
1104 1920 1
1104 1923 1
1104 2044 1
1105 1920 -1
1105 1921 1
1105 1928 -1
1105 2043 -1
1106 1923 -1
1106 1924 1
1106 1928 1
1106 2056 -1
1107 1925 -1
1107 1926 1
1107 1927 1
1107 2739 -1
1108 1915 -1
1108 1916 1
1108 1929 1
1108 2347 -1
1109 1934 -1
1109 1935 1
1109 1943 -1
1109 2028 1
1110 1938 -1
1110 1939 1
1110 1945 1
1110 2038 -1
1111 1937 -1
1111 1938 1
1111 1944 -1
1111 2042 -1
1112 1944 1
1112 1949 -1
1112 1957 1
1112 2022 -1
1113 1933 -1
1113 1934 1
1113 1942 1
1113 2483 1
1114 1942 -1
1114 1943 1
1114 1947 -1
1114 2027 -1
1115 1932 -1
1115 1933 1
1115 1953 -1
1115 2492 -1
1116 1939 -1
1116 1940 1
1116 1954 1
1116 2245 1
1117 1940 -1
1117 1941 1
1117 1950 1
1117 2432 1
1118 1950 -1
1118 1951 1
1118 1954 -1
1118 2250 1
1119 1945 -1
1119 1946 1
1119 1956 -1
1119 2034 1
1120 1946 -1
1120 1947 1
1120 1960 1
1120 2033 -1
1121 1951 -1
1121 1952 1
1121 1955 1
1121 2081 1
1122 1952 -1
1122 1953 1
1122 1961 -1
1122 2088 -1
1123 1960 -1
1123 1961 1
1123 1962 1
1123 2079 -1
1124 1955 -1
1124 1956 1
1124 1962 -1
1124 2080 1
1125 1935 -1
1125 1936 1
1125 1948 1
1125 2041 1
1126 1957 -1
1126 1958 1
1126 1959 -1
1126 2664 1
1127 1948 -1
1127 1949 1
1127 1959 1
1127 2023 1
1128 1964 -1
1128 1965 1
1128 1968 1
1128 2626 -1
1129 1968 -1
1129 1969 1
1129 1972 1
1129 2285 1
1130 1963 -1
1130 1964 1
1130 1973 -1
1130 2627 1
1131 1965 -1
1131 1966 1
1131 1967 -1
1131 2869 1
1132 1967 1
1132 1971 -1
1132 1977 1
1132 2788 -1
1133 1974 -1
1133 1975 1
1133 1978 1
1133 2295 1
1134 1975 -1
1134 1976 1
1134 1980 1
1134 2052 -1
1135 1969 -1
1135 1970 1
1135 1976 -1
1135 2048 1
1136 1970 -1
1136 1971 1
1136 1979 -1
1136 2047 -1
1137 1978 -1
1137 1979 1
1137 1980 -1
1137 2053 1
1138 1982 -1
1138 1983 1
1138 1986 1
1138 2190 -1
1139 1989 -1
1139 1990 1
1139 1996 1
1139 2502 1
1140 1992 -1
1140 1993 1
1140 1998 1
1140 2379 1
1141 1990 -1
1141 1991 1
1141 1995 -1
1141 2855 -1
1142 1981 1
1142 1985 -1
1142 1995 1
1142 2385 1
1143 1983 -1
1143 1984 1
1143 1988 -1
1143 2185 1
1144 1984 -1
1144 1985 1
1144 1997 -1
1144 2388 -1
1145 1996 -1
1145 1997 1
1145 2001 1
1145 2507 1
1146 1989 1
1146 1994 -1
1146 2001 -1
1146 2504 -1
1147 1986 -1
1147 1987 1
1147 1999 1
1147 2210 -1
1148 1987 -1
1148 1988 1
1148 2002 -1
1148 2207 -1
1149 1999 -1
1149 2000 1
1149 2002 1
1149 2380 -1
1150 2013 -1
1150 2014 1
1150 2016 -1
1150 2368 -1
1151 2003 1
1151 2008 -1
1151 2010 -1
1151 2543 1
1152 2003 -1
1152 2004 1
1152 2012 1
1152 2545 -1
1153 2012 -1
1153 2013 1
1153 2017 -1
1153 2547 1
1154 2009 -1
1154 2010 1
1154 2017 1
1154 2546 1
1155 2004 -1
1155 2005 1
1155 2015 -1
1155 2822 1
1156 2005 -1
1156 2006 1
1156 2018 -1
1156 2274 1
1157 2007 -1
1157 2008 1
1157 2011 1
1157 2741 -1
1158 2006 -1
1158 2007 1
1158 2019 1
1158 2273 -1
1159 2026 -1
1159 2027 1
1159 2030 1
1159 2482 -1
1160 2030 -1
1160 2031 1
1160 2033 1
1160 2484 -1
1161 2020 -1
1161 2021 1
1161 2032 -1
1161 2651 1
1162 2034 -1
1162 2035 1
1162 2037 1
1162 2248 1
1163 2031 -1
1163 2032 1
1163 2035 -1
1163 2649 -1
1164 2037 -1
1164 2038 1
1164 2040 -1
1164 2244 -1
1165 2021 -1
1165 2022 1
1165 2039 1
1165 2660 -1
1166 2039 -1
1166 2040 1
1166 2042 1
1166 2693 1
1167 2023 -1
1167 2024 1
1167 2036 -1
1167 2661 -1
1168 2028 -1
1168 2029 1
1168 2041 -1
1168 2898 -1
1169 2049 1
1169 2050 -1
1169 2051 -1
1169 2148 1
1170 2045 -1
1170 2046 1
1170 2054 -1
1170 2407 1
1171 2043 1
1171 2048 -1
1171 2058 -1
1171 2289 -1
1172 2057 -1
1172 2058 1
1172 2059 1
1172 2225 1
1173 2046 -1
1173 2047 1
1173 2055 1
1173 2410 -1
1174 2051 1
1174 2053 -1
1174 2055 -1
1174 2382 1
1175 2063 -1
1175 2064 1
1175 2065 1
1175 2504 1
1176 2067 -1
1176 2068 1
1176 2074 1
1176 2771 1
1177 2074 -1
1177 2075 1
1177 2080 -1
1177 2241 1
1178 2067 1
1178 2073 -1
1178 2079 1
1178 2485 1
1179 2075 -1
1179 2076 1
1179 2082 -1
1179 2243 -1
1180 2070 -1
1180 2071 1
1180 2086 -1
1180 2370 -1
1181 2081 -1
1181 2082 1
1181 2090 -1
1181 2250 -1
1182 2084 -1
1182 2085 1
1182 2092 1
1182 2373 1
1183 2089 -1
1183 2090 1
1183 2092 -1
1183 2419 -1
1184 2077 -1
1184 2078 1
1184 2083 -1
1184 2374 -1
1185 2068 -1
1185 2069 1
1185 2078 -1
1185 2772 -1
1186 2069 -1
1186 2070 1
1186 2083 1
1186 2372 1
1187 2071 -1
1187 2072 1
1187 2091 1
1187 2773 1
1188 2072 -1
1188 2073 1
1188 2087 1
1188 2493 1
1189 2094 -1
1189 2095 1
1189 2097 -1
1189 2721 -1
1190 2095 -1
1190 2096 1
1190 2099 1
1190 2742 1
1191 2101 -1
1191 2102 1
1191 2103 1
1191 2600 1
1192 2099 -1
1192 2100 1
1192 2103 -1
1192 2599 -1
1193 2106 -1
1193 2107 1
1193 2110 1
1193 2486 -1
1194 2105 -1
1194 2106 1
1194 2116 -1
1194 2799 1
1195 2110 -1
1195 2111 1
1195 2116 1
1195 2487 1
1196 2111 -1
1196 2112 1
1196 2122 1
1196 2481 1
1197 2117 -1
1197 2118 1
1197 2124 1
1197 2706 -1
1198 2118 -1
1198 2119 1
1198 2123 -1
1198 2882 -1
1199 2104 1
1199 2109 -1
1199 2126 1
1199 2316 -1
1200 2124 -1
1200 2125 1
1200 2126 -1
1200 2315 1
1201 2107 -1
1201 2108 1
1201 2115 -1
1201 2491 -1
1202 2108 -1
1202 2109 1
1202 2127 -1
1202 2618 -1
1203 2117 1
1203 2121 -1
1203 2127 1
1203 2621 -1
1204 2113 -1
1204 2114 1
1204 2120 1
1204 2496 -1
1205 2120 -1
1205 2121 1
1205 2128 1
1205 2609 -1
1206 2114 -1
1206 2115 1
1206 2128 -1
1206 2497 1
1207 2135 -1
1207 2136 1
1207 2137 -1
1207 2676 -1
1208 2138 1
1208 2139 -1
1208 2141 1
1208 2895 1
1209 2142 1
1209 2144 -1
1209 2147 -1
1209 2411 -1
1210 2143 -1
1210 2144 1
1210 2149 -1
1210 2412 1
1211 2142 -1
1211 2143 1
1211 2145 1
1211 2770 -1
1212 2145 -1
1212 2146 1
1212 2150 1
1212 2343 -1
1213 2148 -1
1213 2149 1
1213 2151 -1
1213 2378 1
1214 2153 -1
1214 2154 1
1214 2156 -1
1214 2923 1
1215 2157 1
1215 2159 -1
1215 2162 1
1215 2433 1
1216 2155 -1
1216 2156 1
1216 2161 1
1216 2297 -1
1217 2163 1
1217 2166 -1
1217 2168 -1
1217 2766 1
1218 2163 -1
1218 2164 1
1218 2175 -1
1218 2768 -1
1219 2164 -1
1219 2165 1
1219 2172 1
1219 2721 1
1220 2172 -1
1220 2173 1
1220 2179 1
1220 2722 1
1221 2176 -1
1221 2177 1
1221 2182 -1
1221 2638 1
1222 2174 -1
1222 2175 1
1222 2178 1
1222 2602 -1
1223 2179 -1
1223 2180 1
1223 2181 -1
1223 2691 -1
1224 2169 -1
1224 2170 1
1224 2183 1
1224 2678 -1
1225 2170 -1
1225 2171 1
1225 2184 1
1225 2455 1
1226 2186 -1
1226 2187 1
1226 2191 1
1226 2387 -1
1227 2196 1
1227 2199 -1
1227 2201 1
1227 2512 -1
1228 2185 -1
1228 2186 1
1228 2193 -1
1228 2388 1
1229 2188 -1
1229 2189 1
1229 2194 1
1229 2391 -1
1230 2187 -1
1230 2188 1
1230 2197 -1
1230 2392 1
1231 2196 -1
1231 2197 1
1231 2200 -1
1231 2510 -1
1232 2194 -1
1232 2195 1
1232 2200 1
1232 2573 -1
1233 2203 1
1233 2205 -1
1233 2206 1
1233 2927 -1
1234 2201 -1
1234 2202 1
1234 2203 -1
1234 2570 -1
1235 2206 -1
1235 2207 1
1235 2209 -1
1235 2751 1
1236 2191 -1
1236 2192 1
1236 2198 1
1236 2514 1
1237 2192 -1
1237 2193 1
1237 2208 1
1237 2892 1
1238 2204 -1
1238 2205 1
1238 2208 -1
1238 2893 1
1239 2198 -1
1239 2199 1
1239 2204 1
1239 2513 1
1240 2215 -1
1240 2216 1
1240 2219 1
1240 2439 -1
1241 2211 1
1241 2214 -1
1241 2221 1
1241 2288 -1
1242 2211 -1
1242 2212 1
1242 2220 -1
1242 2436 -1
1243 2215 1
1243 2218 -1
1243 2220 1
1243 2444 1
1244 2212 -1
1244 2213 1
1244 2226 -1
1244 2701 -1
1245 2213 -1
1245 2214 1
1245 2225 -1
1245 2289 1
1246 2221 -1
1246 2222 1
1246 2223 1
1246 2294 1
1247 2223 -1
1247 2224 1
1247 2227 1
1247 2293 1
1248 2233 -1
1248 2234 1
1248 2237 -1
1248 2508 -1
1249 2228 1
1249 2232 -1
1249 2236 -1
1249 2569 -1
1250 2235 -1
1250 2236 1
1250 2239 -1
1250 2571 -1
1251 2231 -1
1251 2232 1
1251 2240 -1
1251 2330 -1
1252 2245 -1
1252 2246 1
1252 2249 -1
1252 2429 1
1253 2244 1
1253 2247 -1
1253 2251 1
1253 2797 1
1254 2252 1
1254 2256 -1
1254 2263 1
1254 2500 1
1255 2252 -1
1255 2253 1
1255 2267 1
1255 2499 -1
1256 2257 1
1256 2262 -1
1256 2267 -1
1256 2505 -1
1257 2257 -1
1257 2258 1
1257 2270 1
1257 2502 -1
1258 2258 -1
1258 2259 1
1258 2264 -1
1258 2855 1
1259 2263 -1
1259 2264 1
1259 2270 -1
1259 2503 1
1260 2253 -1
1260 2254 1
1260 2266 -1
1260 2790 -1
1261 2259 -1
1261 2260 1
1261 2265 1
1261 2478 1
1262 2266 1
1262 2269 -1
1262 2271 -1
1262 2474 -1
1263 2254 -1
1263 2255 1
1263 2271 1
1263 2470 1
1264 2255 -1
1264 2256 1
1264 2265 -1
1264 2471 -1
1265 2260 -1
1265 2261 1
1265 2272 1
1265 2476 -1
1266 2261 -1
1266 2262 1
1266 2268 1
1266 2792 -1
1267 2268 -1
1267 2269 1
1267 2272 -1
1267 2477 1
1268 2276 -1
1268 2277 1
1268 2280 -1
1268 2325 -1
1269 2277 -1
1269 2278 1
1269 2281 1
1269 2904 -1
1270 2281 -1
1270 2282 1
1270 2283 1
1270 2878 -1
1271 2278 -1
1271 2279 1
1271 2284 1
1271 2327 1
1272 2285 -1
1272 2286 1
1272 2290 1
1272 2628 -1
1273 2286 -1
1273 2287 1
1273 2292 -1
1273 2784 -1
1274 2287 -1
1274 2288 1
1274 2294 -1
1274 2437 1
1275 2291 -1
1275 2292 1
1275 2293 -1
1275 2786 -1
1276 2299 1
1276 2302 -1
1276 2303 1
1276 2804 -1
1277 2299 -1
1277 2300 1
1277 2304 -1
1277 2741 1
1278 2301 -1
1278 2302 1
1278 2305 1
1278 2805 1
1279 2306 1
1279 2308 -1
1279 2309 1
1279 2844 -1
1280 2307 -1
1280 2308 1
1280 2312 -1
1280 2713 -1
1281 2306 -1
1281 2307 1
1281 2314 -1
1281 2709 1
1282 2311 -1
1282 2312 1
1282 2315 -1
1282 2717 -1
1283 2310 -1
1283 2311 1
1283 2319 -1
1283 2847 -1
1284 2318 -1
1284 2319 1
1284 2320 1
1284 2880 1
1285 2317 -1
1285 2318 1
1285 2322 -1
1285 2917 1
1286 2313 -1
1286 2314 1
1286 2316 1
1286 2718 1
1287 2321 -1
1287 2322 1
1287 2323 1
1287 2919 -1
1288 2327 -1
1288 2328 1
1288 2331 -1
1288 2515 1
1289 2332 -1
1289 2333 1
1289 2336 -1
1289 2574 -1
1290 2329 -1
1290 2330 1
1290 2337 -1
1290 2568 1
1291 2333 -1
1291 2334 1
1291 2338 1
1291 2926 1
1292 2335 -1
1292 2336 1
1292 2338 -1
1292 2570 1
1293 2339 -1
1293 2340 1
1293 2343 1
1293 2770 1
1294 2341 -1
1294 2342 1
1294 2344 -1
1294 2857 -1
1295 2346 -1
1295 2347 1
1295 2350 1
1295 2727 1
1296 2353 1
1296 2355 -1
1296 2356 -1
1296 2924 1
1297 2356 1
1297 2358 -1
1297 2360 -1
1297 2925 1
1298 2354 -1
1298 2355 1
1298 2357 1
1298 2888 -1
1299 2357 -1
1299 2358 1
1299 2361 1
1299 2890 -1
1300 2353 -1
1300 2354 1
1300 2359 1
1300 2889 1
1301 2362 1
1301 2364 -1
1301 2365 1
1301 2554 1
1302 2365 -1
1302 2366 1
1302 2367 -1
1302 2565 1
1303 2363 -1
1303 2364 1
1303 2368 1
1303 2675 1
1304 2375 1
1304 2377 -1
1304 2378 -1
1304 2412 -1
1305 2376 -1
1305 2377 1
1305 2384 1
1305 2413 1
1306 2382 -1
1306 2383 1
1306 2384 -1
1306 2415 1
1307 2389 -1
1307 2390 1
1307 2394 1
1307 2726 -1
1308 2385 -1
1308 2386 1
1308 2394 -1
1308 2725 -1
1309 2386 -1
1309 2387 1
1309 2393 -1
1309 2511 1
1310 2390 -1
1310 2391 1
1310 2395 -1
1310 2724 1
1311 2392 -1
1311 2393 1
1311 2395 1
1311 2508 1
1312 2399 -1
1312 2400 1
1312 2402 -1
1312 2723 1
1313 2401 1
1313 2404 -1
1313 2405 -1
1313 2726 1
1314 2403 -1
1314 2404 1
1314 2406 1
1314 2480 -1
1315 2397 -1
1315 2398 1
1315 2406 -1
1315 2471 1
1316 2408 -1
1316 2409 1
1316 2413 -1
1316 2872 1
1317 2409 -1
1317 2410 1
1317 2415 -1
1317 2788 1
1318 2416 -1
1318 2417 1
1318 2423 -1
1318 2826 -1
1319 2417 -1
1319 2418 1
1319 2425 1
1319 2520 -1
1320 2418 -1
1320 2419 1
1320 2424 -1
1320 2524 -1
1321 2424 1
1321 2427 -1
1321 2430 -1
1321 2525 -1
1322 2429 -1
1322 2430 1
1322 2432 -1
1322 2666 1
1323 2425 -1
1323 2426 1
1323 2428 1
1323 2521 1
1324 2426 -1
1324 2427 1
1324 2431 1
1324 2527 1
1325 2421 -1
1325 2422 1
1325 2431 -1
1325 2688 -1
1326 2422 -1
1326 2423 1
1326 2428 -1
1326 2682 1
1327 2438 -1
1327 2439 1
1327 2444 -1
1327 2704 1
1328 2440 -1
1328 2441 1
1328 2448 -1
1328 2838 -1
1329 2434 1
1329 2437 -1
1329 2449 1
1329 2833 1
1330 2441 -1
1330 2442 1
1330 2450 1
1330 2836 1
1331 2435 -1
1331 2436 1
1331 2446 -1
1331 2702 1
1332 2434 -1
1332 2435 1
1332 2450 -1
1332 2832 -1
1333 2442 -1
1333 2443 1
1333 2451 1
1333 2775 1
1334 2445 -1
1334 2446 1
1334 2452 -1
1334 2465 1
1335 2453 1
1335 2455 -1
1335 2456 1
1335 2877 -1
1336 2458 1
1336 2460 -1
1336 2465 -1
1336 2702 -1
1337 2459 -1
1337 2460 1
1337 2466 -1
1337 2701 1
1338 2462 -1
1338 2463 1
1338 2466 1
1338 2703 -1
1339 2467 1
1339 2469 -1
1339 2470 -1
1339 2804 1
1340 2467 -1
1340 2468 1
1340 2472 1
1340 2805 -1
1341 2472 -1
1341 2473 1
1341 2475 1
1341 2806 -1
1342 2478 -1
1342 2479 1
1342 2480 1
1342 2725 1
1343 2473 -1
1343 2474 1
1343 2477 -1
1343 2793 -1
1344 2493 -1
1344 2494 1
1344 2497 -1
1344 2610 1
1345 2486 1
1345 2490 -1
1345 2491 1
1345 2619 1
1346 2494 -1
1346 2495 1
1346 2498 1
1346 2625 -1
1347 2488 -1
1347 2489 1
1347 2495 -1
1347 2775 -1
1348 2489 -1
1348 2490 1
1348 2498 -1
1348 2624 1
1349 2500 -1
1349 2501 1
1349 2503 -1
1349 2854 -1
1350 2505 1
1350 2506 -1
1350 2507 -1
1350 2791 1
1351 2509 -1
1351 2510 1
1351 2512 1
1351 2571 1
1352 2519 -1
1352 2520 1
1352 2524 1
1352 2665 -1
1353 2521 -1
1353 2522 1
1353 2528 -1
1353 2685 -1
1354 2527 -1
1354 2528 1
1354 2529 1
1354 2690 1
1355 2517 -1
1355 2518 1
1355 2523 -1
1355 2891 -1
1356 2534 1
1356 2535 -1
1356 2536 1
1356 2687 1
1357 2538 1
1357 2542 -1
1357 2543 -1
1358 2538 -1
1358 2539 1
1358 2546 -1
1358 2669 1
1359 2539 -1
1359 2540 1
1359 2548 -1
1359 2671 -1
1360 2547 -1
1360 2548 1
1360 2550 -1
1360 2672 1
1361 2540 -1
1361 2541 1
1361 2551 -1
1361 2631 1
1362 2541 -1
1362 2542 1
1362 2544 1
1362 2630 -1
1363 2544 -1
1363 2545 1
1363 2549 1
1363 2633 -1
1364 2549 -1
1364 2550 1
1364 2551 1
1364 2639 -1
1365 2552 1
1365 2555 -1
1365 2558 1
1365 2578 -1
1366 2552 -1
1366 2553 1
1366 2557 -1
1366 2587 1
1367 2556 -1
1367 2557 1
1367 2563 1
1367 2595 1
1368 2554 -1
1368 2555 1
1368 2561 1
1368 2763 1
1369 2565 -1
1369 2566 1
1369 2567 1
1369 2760 -1
1370 2561 -1
1370 2562 1
1370 2566 -1
1370 2761 1
1371 2558 -1
1371 2559 1
1371 2562 -1
1371 2579 1
1372 2559 -1
1372 2560 1
1372 2567 -1
1372 2603 1
1373 2568 -1
1373 2569 1
1373 2572 1
1373 2897 1
1374 2583 -1
1374 2584 1
1374 2590 -1
1374 2696 -1
1375 2577 -1
1375 2578 1
1375 2588 -1
1375 2762 -1
1376 2587 -1
1376 2588 1
1376 2594 -1
1376 2700 1
1377 2589 -1
1377 2590 1
1377 2594 1
1377 2698 -1
1378 2582 -1
1378 2583 1
1378 2595 -1
1378 2694 1
1379 2584 -1
1379 2585 1
1379 2591 1
1379 2693 -1
1380 2589 1
1380 2593 -1
1380 2596 1
1380 2745 -1
1381 2576 -1
1381 2577 1
1381 2596 -1
1381 2746 1
1382 2585 -1
1382 2586 1
1382 2597 1
1382 2692 1
1383 2576 1
1383 2581 -1
1383 2599 1
1383 2747 1
1384 2591 -1
1384 2592 1
1384 2598 -1
1384 2797 -1
1385 2592 -1
1385 2593 1
1385 2600 -1
1385 2744 -1
1386 2580 -1
1386 2581 1
1386 2602 1
1386 2769 1
1387 2579 -1
1387 2580 1
1387 2604 -1
1387 2758 -1
1388 2605 -1
1388 2606 1
1388 2611 -1
1388 2801 -1
1389 2608 -1
1389 2609 1
1389 2617 -1
1389 2803 1
1390 2606 -1
1390 2607 1
1390 2614 -1
1390 2834 1
1391 2612 -1
1391 2613 1
1391 2618 1
1391 2718 -1
1392 2614 1
1392 2616 -1
1392 2623 -1
1392 2837 1
1393 2619 -1
1393 2620 1
1393 2622 1
1393 2838 1
1394 2622 -1
1394 2623 1
1394 2624 -1
1394 2836 -1
1395 2610 -1
1395 2611 1
1395 2615 1
1395 2773 -1
1396 2615 -1
1396 2616 1
1396 2625 1
1396 2774 1
1397 2626 1
1397 2627 -1
1397 2628 1
1397 2782 -1
1398 2629 1
1398 2631 -1
1398 2634 -1
1398 2753 1
1399 2634 1
1399 2637 -1
1399 2639 1
1399 2756 1
1400 2632 -1
1400 2633 1
1400 2640 -1
1400 2822 -1
1401 2636 -1
1401 2637 1
1401 2640 1
1401 2760 1
1402 2635 -1
1402 2636 1
1402 2638 -1
1402 2759 -1
1403 2643 -1
1403 2644 1
1403 2645 -1
1404 2642 -1
1404 2643 1
1404 2646 1
1404 2894 -1
1405 2646 -1
1405 2647 1
1405 2648 -1
1405 2895 -1
1406 2651 -1
1406 2652 1
1406 2654 -1
1406 2656 -1
1407 2649 1
1407 2650 -1
1407 2655 1
1407 2798 -1
1408 2653 -1
1408 2654 1
1408 2655 -1
1408 2796 1
1409 2657 -1
1409 2658 1
1409 2661 1
1409 2750 -1
1410 2662 -1
1410 2663 1
1410 2664 -1
1410 2697 1
1411 2659 -1
1411 2660 1
1411 2662 1
1411 2696 1
1412 2672 -1
1412 2673 1
1412 2675 -1
1412 2765 1
1413 2670 -1
1413 2671 1
1413 2674 -1
1413 2776 -1
1414 2673 -1
1414 2674 1
1414 2676 1
1414 2764 -1
1415 2679 1
1415 2681 -1
1415 2683 -1
1415 2901 -1
1416 2682 -1
1416 2683 1
1416 2687 -1
1416 2828 -1
1417 2679 -1
1417 2680 1
1417 2684 1
1417 2913 -1
1418 2680 -1
1418 2681 1
1418 2686 1
1418 2902 1
1419 2677 -1
1419 2678 1
1419 2689 1
1419 2876 1
1420 2694 -1
1420 2695 1
1420 2697 -1
1420 2699 -1
1421 2709 -1
1421 2710 1
1421 2715 1
1421 2863 1
1422 2707 -1
1422 2708 1
1422 2714 1
1422 2861 -1
1423 2710 -1
1423 2711 1
1423 2714 -1
1423 2862 1
1424 2716 -1
1424 2717 1
1424 2719 -1
1424 2848 -1
1425 2712 -1
1425 2713 1
1425 2716 1
1425 2845 1
1426 2711 -1
1426 2712 1
1426 2720 -1
1426 2908 1
1427 2730 -1
1427 2731 1
1427 2737 -1
1427 2886 1
1428 2730 1
1428 2734 -1
1428 2735 1
1428 2830 1
1429 2727 -1
1429 2728 1
1429 2740 -1
1429 2743 -1
1430 2732 -1
1430 2733 1
1430 2740 1
1430 2746 -1
1431 2731 -1
1431 2732 1
1431 2738 -1
1431 2778 1
1432 2735 -1
1432 2736 1
1432 2739 1
1432 2829 -1
1433 2742 -1
1433 2743 1
1433 2747 -1
1433 2777 1
1434 2753 -1
1434 2754 1
1434 2757 -1
1434 2776 1
1435 2754 -1
1435 2755 1
1435 2758 1
1435 2767 1
1436 2756 -1
1436 2757 1
1436 2761 -1
1436 2779 -1
1437 2763 -1
1437 2764 1
1437 2765 -1
1437 2779 1
1438 2767 -1
1438 2768 1
1438 2769 -1
1438 2777 -1
1439 2781 -1
1439 2782 1
1439 2783 1
1439 2933 -1
1440 2783 -1
1440 2784 1
1440 2787 -1
1440 2930 1
1441 2785 -1
1441 2786 1
1441 2787 1
1441 2920 1
1442 2780 -1
1442 2781 1
1442 2785 1
1442 2916 -1
1443 2791 -1
1443 2792 1
1443 2794 -1
1443 2892 -1
1444 2807 1
1444 2808 -1
1444 2810 -1
1444 2910 1
1445 2809 -1
1445 2810 1
1445 2814 1
1445 2864 -1
1446 2811 -1
1446 2812 1
1446 2815 -1
1446 2890 1
1447 2825 -1
1447 2826 1
1447 2827 -1
1447 2828 1
1448 2823 1
1448 2824 -1
1448 2825 1
1448 2901 1
1449 2831 -1
1449 2832 1
1449 2835 -1
1449 2874 1
1450 2834 -1
1450 2835 1
1450 2837 -1
1450 2875 1
1451 2839 1
1451 2842 -1
1451 2843 1
1451 2934 -1
1452 2840 -1
1452 2841 1
1452 2846 1
1452 2903 1
1453 2841 -1
1453 2842 1
1453 2845 -1
1453 2906 -1
1454 2846 -1
1454 2847 1
1454 2848 1
1454 2879 1
1455 2849 1
1455 2851 -1
1455 2853 1
1456 2849 -1
1456 2850 1
1456 2852 -1
1456 2933 1
1457 2858 -1
1457 2859 1
1457 2862 -1
1457 2867 -1
1458 2859 -1
1458 2860 1
1458 2863 -1
1458 2868 1
1459 2864 1
1459 2866 -1
1459 2867 1
1459 2912 1
1460 2865 -1
1460 2866 1
1460 2868 -1
1460 2928 -1
1461 2869 -1
1461 2870 1
1461 2872 -1
1462 2870 -1
1462 2871 1
1462 2873 -1
1462 2909 1
1463 2878 1
1463 2879 -1
1463 2881 -1
1463 2907 -1
1464 2903 -1
1464 2904 1
1464 2907 1
1464 2929 1
1465 2905 -1
1465 2906 1
1465 2908 -1
1465 2911 -1
1466 2910 -1
1466 2911 1
1466 2912 -1
1466 2934 1
1467 2915 -1
1467 2916 1
1467 2917 -1
1467 2931 -1
1468 2921 1
1468 2923 -1
1468 2924 -1
1469 2921 -1
1469 2922 1
1469 2925 -1
1469 2935 1
