0 0 1
0 8 -1
0 597 -1
1 0 1
1 11 -1
1 799 -1
2 0 1
2 12 -1
2 1667 -1
3 0 1
3 3 -1
3 139 -1
4 0 1
4 1 1
4 1091 -1
5 0 1
5 4 -1
5 1541 -1
6 0 1
6 13 1
6 1032 -1
7 0 1
7 9 -1
7 665 -1
8 1 1
8 2 -1
8 481 -1
9 1 1
9 3 1
9 147 1
10 1 1
10 4 1
10 1092 1
11 1 1
11 7 -1
11 394 -1
12 1 1
12 6 1
12 1094 -1
13 2 1
13 3 1
13 145 1
14 2 1
14 6 1
14 485 1
15 2 1
15 5 -1
15 490 1
16 3 1
16 10 -1
16 150 1
17 3 1
17 5 1
17 149 1
18 3 1
18 12 -1
18 148 -1
19 3 1
19 11 -1
19 151 -1
20 4 1
20 7 1
20 392 1
21 4 1
21 13 1
21 1038 -1
22 5 1
22 6 1
22 695 1
23 5 1
23 9 1
23 669 -1
24 5 1
24 10 1
24 201 -1
25 6 1
25 9 -1
25 673 1
26 6 1
26 7 1
26 386 -1
27 7 1
27 13 -1
27 391 1
28 7 1
28 9 1
28 393 -1
29 8 1
29 9 -1
29 603 1
30 8 1
30 10 -1
30 198 1
31 8 1
31 11 -1
31 600 -1
32 9 1
32 10 -1
32 206 -1
33 9 1
33 13 1
33 677 1
34 10 1
34 11 -1
34 202 -1
35 11 1
35 12 -1
35 802 -1
36 14 1
36 15 -1
36 604 -1
37 14 1
37 19 1
37 1452 -1
38 14 1
38 16 1
38 1061 -1
39 14 1
39 24 1
39 445 1
40 14 1
40 22 1
40 1175 -1
41 14 1
41 28 1
41 1053 1
42 14 1
42 26 1
42 1454 -1
43 15 1
43 23 -1
43 614 -1
44 15 1
44 18 1
44 300 1
45 15 1
45 16 1
45 611 -1
46 15 1
46 19 1
46 609 -1
47 15 1
47 26 1
47 605 -1
48 15 1
48 25 1
48 615 -1
49 16 1
49 17 -1
49 462 1
50 16 1
50 18 -1
50 297 1
51 16 1
51 19 -1
51 1056 1
52 16 1
52 24 -1
52 447 1
53 16 1
53 29 -1
53 959 -1
54 16 1
54 21 -1
54 1059 -1
55 17 1
55 25 -1
55 465 -1
56 17 1
56 23 1
56 459 -1
57 17 1
57 18 -1
57 303 -1
58 17 1
58 21 -1
58 456 -1
59 17 1
59 30 -1
59 466 -1
60 17 1
60 20 1
60 463 -1
61 18 1
61 23 1
61 298 1
62 20 1
62 25 1
62 510 1
63 20 1
63 26 1
63 514 -1
64 20 1
64 27 1
64 506 1
65 20 1
65 28 1
65 515 -1
66 20 1
66 22 1
66 516 1
67 20 1
67 30 1
67 513 -1
68 21 1
68 29 -1
68 961 1
69 21 1
69 22 -1
69 1108 1
70 21 1
70 30 -1
70 1107 1
71 22 1
71 29 -1
71 955 -1
72 22 1
72 24 -1
72 452 -1
73 22 1
73 28 -1
73 1052 -1
74 22 1
74 30 -1
74 1176 1
75 23 1
75 25 1
75 751 -1
76 24 1
76 29 -1
76 441 -1
77 25 1
77 26 -1
77 1683 1
78 26 1
78 27 -1
78 1308 -1
79 26 1
79 28 -1
79 1051 1
80 27 1
80 28 -1
80 1047 -1
81 31 1
81 36 1
81 729 -1
82 31 1
82 37 1
82 660 -1
83 31 1
83 39 1
83 1537 -1
84 31 1
84 42 1
84 1188 -1
85 31 1
85 32 1
85 1240 -1
86 32 1
86 36 -1
86 733 -1
87 32 1
87 35 -1
87 1242 -1
88 32 1
88 33 -1
88 127 -1
89 32 1
89 40 -1
89 1245 -1
90 32 1
90 42 -1
90 1194 -1
91 33 1
91 40 -1
91 131 1
92 33 1
92 35 -1
92 128 1
93 33 1
93 34 -1
93 130 1
94 33 1
94 43 1
94 133 1
95 33 1
95 41 1
95 129 1
96 34 1
96 35 -1
96 1550 -1
97 34 1
97 36 -1
97 731 -1
98 34 1
98 37 -1
98 662 -1
99 34 1
99 38 -1
99 519 1
100 34 1
100 43 1
100 1069 -1
101 35 1
101 36 -1
101 730 -1
102 36 1
102 37 -1
102 664 -1
103 37 1
103 39 -1
103 663 1
104 37 1
104 38 -1
104 518 -1
105 38 1
105 39 -1
105 520 1
106 38 1
106 40 -1
106 523 -1
107 38 1
107 43 1
107 521 1
108 39 1
108 42 -1
108 1189 -1
109 39 1
109 40 -1
109 1427 -1
110 40 1
110 42 -1
110 1190 1
111 40 1
111 41 1
111 1268 1
112 40 1
112 43 1
112 1068 -1
113 41 1
113 43 -1
113 1067 -1
114 44 1
114 47 -1
114 965 1
115 44 1
115 49 -1
115 964 -1
116 44 1
116 46 1
116 963 -1
117 44 1
117 53 -1
117 265 -1
118 44 1
118 59 -1
118 970 1
119 44 1
119 60 1
119 969 1
120 44 1
120 52 1
120 968 1
121 45 1
121 52 -1
121 1531 1
122 45 1
122 50 1
122 1363 1
123 45 1
123 51 -1
123 1505 -1
124 45 1
124 48 1
124 1529 1
125 45 1
125 56 1
125 1530 -1
126 45 1
126 54 1
126 727 -1
127 45 1
127 55 1
127 440 1
128 45 1
128 61 1
128 1179 -1
129 45 1
129 57 1
129 1451 1
130 46 1
130 49 1
130 1646 -1
131 46 1
131 53 1
131 262 1
132 46 1
132 54 1
132 723 1
133 46 1
133 56 1
133 1648 1
134 46 1
134 48 1
134 1558 1
135 47 1
135 51 1
135 1400 1
136 47 1
136 49 -1
136 1403 -1
137 47 1
137 52 1
137 1401 -1
138 47 1
138 50 -1
138 1366 1
139 48 1
139 49 -1
139 1557 1
140 48 1
140 51 1
140 1507 -1
141 48 1
141 56 -1
141 1556 1
142 49 1
142 51 1
142 1504 -1
143 50 1
143 51 1
143 1364 1
144 50 1
144 52 1
144 1367 1
145 52 1
145 57 1
145 1453 1
146 52 1
146 61 1
146 1178 1
147 52 1
147 64 1
147 930 -1
148 52 1
148 60 -1
148 1698 -1
149 53 1
149 54 -1
149 264 -1
150 53 1
150 58 1
150 261 -1
151 53 1
151 59 -1
151 263 1
152 54 1
152 58 1
152 719 1
153 54 1
153 56 -1
153 717 1
154 54 1
154 55 -1
154 451 1
155 54 1
155 63 1
155 721 1
156 54 1
156 62 -1
156 720 -1
157 55 1
157 61 -1
157 452 -1
158 55 1
158 63 1
158 441 1
159 57 1
159 61 -1
159 1175 -1
160 58 1
160 59 1
160 1141 1
161 58 1
161 62 1
161 1021 1
162 59 1
162 60 1
162 1540 1
163 59 1
163 62 -1
163 1022 1
164 59 1
164 61 -1
164 1172 -1
165 60 1
165 64 1
165 924 -1
166 60 1
166 61 1
166 1173 -1
167 61 1
167 62 -1
167 1023 -1
168 61 1
168 63 1
168 955 1
169 61 1
169 64 -1
169 926 1
170 62 1
170 63 1
170 954 1
171 65 1
171 66 -1
171 1634 -1
172 65 1
172 73 1
172 1352 -1
173 65 1
173 71 -1
173 852 -1
174 65 1
174 74 -1
174 1144 -1
175 65 1
175 72 -1
175 536 -1
176 66 1
176 72 -1
176 539 1
177 66 1
177 69 1
177 1015 1
178 66 1
178 67 1
178 1636 -1
179 66 1
179 73 1
179 1356 1
180 67 1
180 68 1
180 1350 1
181 67 1
181 69 -1
181 1014 -1
182 67 1
182 73 -1
182 1355 -1
183 67 1
183 71 1
183 855 -1
184 68 1
184 69 1
184 1013 1
185 68 1
185 70 -1
185 766 1
186 68 1
186 71 -1
186 854 1
187 69 1
187 70 1
187 767 1
188 69 1
188 74 1
188 1017 -1
189 69 1
189 72 1
189 538 -1
190 70 1
190 74 -1
190 773 -1
191 70 1
191 71 -1
191 770 1
192 71 1
192 73 1
192 857 -1
193 71 1
193 74 -1
193 858 -1
194 72 1
194 74 -1
194 543 1
195 75 1
195 81 1
195 292 1
196 75 1
196 80 -1
196 1098 -1
197 75 1
197 76 1
197 1096 -1
198 75 1
198 79 -1
198 1097 -1
199 75 1
199 83 1
199 1099 -1
200 75 1
200 77 -1
200 153 1
201 76 1
201 80 1
201 1131 -1
202 76 1
202 79 1
202 1612 1
203 76 1
203 86 1
203 1421 -1
204 76 1
204 87 -1
204 562 -1
205 76 1
205 85 -1
205 1212 1
206 77 1
206 80 -1
206 162 1
207 77 1
207 81 1
207 159 1
208 77 1
208 83 1
208 163 -1
209 77 1
209 82 1
209 156 1
210 77 1
210 78 -1
210 154 -1
211 77 1
211 87 1
211 168 1
212 77 1
212 85 1
212 164 1
213 78 1
213 82 1
213 1639 -1
214 78 1
214 79 -1
214 1614 1
215 78 1
215 84 -1
215 1638 -1
216 78 1
216 87 1
216 563 1
217 79 1
217 82 1
217 1618 1
218 79 1
218 83 1
218 1615 1
219 79 1
219 86 -1
219 1419 -1
220 79 1
220 84 -1
220 1616 1
221 80 1
221 81 1
221 286 -1
222 80 1
222 85 1
222 1130 1
223 82 1
223 83 -1
223 1683 1
224 84 1
224 86 -1
224 1414 -1
225 84 1
225 87 1
225 561 -1
226 85 1
226 87 -1
226 555 -1
227 86 1
227 87 1
227 564 1
228 88 1
228 93 1
228 259 -1
229 88 1
229 92 1
229 367 -1
230 88 1
230 89 1
230 1151 -1
231 88 1
231 97 1
231 1005 -1
232 88 1
232 99 -1
232 1261 -1
233 88 1
233 101 1
233 1696 -1
234 88 1
234 100 1
234 1539 -1
235 89 1
235 96 1
235 529 -1
236 89 1
236 94 1
236 1152 1
237 89 1
237 92 -1
237 369 -1
238 89 1
238 97 -1
238 1009 -1
239 89 1
239 91 -1
239 839 -1
240 90 1
240 93 -1
240 265 -1
241 90 1
241 95 -1
241 963 -1
242 90 1
242 91 -1
242 836 -1
243 90 1
243 97 -1
243 966 -1
244 90 1
244 98 -1
244 107 -1
245 90 1
245 99 1
245 967 -1
246 90 1
246 101 -1
246 969 1
247 90 1
247 100 -1
247 970 1
248 91 1
248 95 -1
248 834 1
249 91 1
249 94 1
249 838 -1
250 91 1
250 96 1
250 530 -1
251 91 1
251 97 -1
251 840 1
252 92 1
252 94 1
252 368 1
253 92 1
253 95 -1
253 372 -1
254 92 1
254 93 -1
254 260 -1
255 93 1
255 95 -1
255 262 1
256 93 1
256 100 -1
256 263 1
257 94 1
257 95 1
257 1378 -1
258 94 1
258 96 -1
258 528 1
259 97 1
259 99 1
259 1011 1
260 97 1
260 98 -1
260 102 -1
261 98 1
261 99 1
261 112 -1
262 99 1
262 101 1
262 1262 -1
263 100 1
263 101 -1
263 1540 1
264 102 1
264 104 -1
264 1007 -1
265 102 1
265 103 -1
265 1006 -1
266 102 1
266 109 -1
266 840 -1
267 102 1
267 107 -1
267 966 1
268 102 1
268 112 1
268 1011 1
269 102 1
269 106 -1
269 272 1
270 103 1
270 104 -1
270 1158 -1
271 103 1
271 105 1
271 1297 -1
272 103 1
272 108 1
272 1404 -1
273 103 1
273 111 1
273 1468 -1
274 103 1
274 109 -1
274 841 1
275 104 1
275 106 -1
275 269 1
276 104 1
276 110 -1
276 482 -1
277 104 1
277 105 1
277 1159 1
278 105 1
278 108 -1
278 1301 -1
279 105 1
279 110 1
279 484 1
280 106 1
280 112 1
280 275 1
281 106 1
281 113 1
281 273 -1
282 106 1
282 110 -1
282 271 1
283 107 1
283 109 -1
283 836 -1
284 107 1
284 111 1
284 964 -1
285 107 1
285 108 1
285 965 1
286 107 1
286 114 1
286 968 1
287 107 1
287 112 1
287 967 -1
288 108 1
288 111 -1
288 1403 1
289 108 1
289 114 -1
289 1401 1
290 108 1
290 110 1
290 492 1
291 109 1
291 111 1
291 837 1
292 110 1
292 113 1
292 488 -1
293 110 1
293 112 1
293 494 1
294 110 1
294 114 1
294 493 -1
295 112 1
295 113 -1
295 1263 1
296 112 1
296 114 -1
296 1266 1
297 115 1
297 116 -1
298 115 1
298 123 1
298 1523 -1
299 115 1
299 122 1
299 1660 -1
300 115 1
300 124 1
300 1652 -1
301 115 1
301 120 1
301 1129 -1
302 115 1
302 117 -1
302 1211 -1
303 115 1
303 119 1
303 1024 -1
304 115 1
304 125 1
304 1678 -1
305 115 1
305 121 -1
305 1713 -1
306 116 1
306 121 -1
306 1714 -1
307 116 1
307 123 1
307 1524 -1
308 117 1
308 121 -1
308 1213 1
309 117 1
309 119 1
309 1026 1
310 117 1
310 120 1
310 1130 -1
311 117 1
311 124 1
311 1212 1
312 117 1
312 118 1
312 555 1
313 118 1
313 121 1
313 554 1
314 118 1
314 122 -1
314 556 1
315 118 1
315 124 -1
315 562 1
316 119 1
316 125 -1
316 1030 1
317 119 1
317 121 1
317 1029 1
318 120 1
318 124 -1
318 1131 1
319 121 1
319 122 1
319 1664 1
320 121 1
320 123 1
320 1527 -1
321 121 1
321 125 1
321 1681 -1
322 122 1
322 123 -1
322 1525 1
323 122 1
323 124 -1
323 1656 -1
324 126 1
324 132 -1
324 406 -1
325 126 1
325 129 -1
325 1271 -1
326 126 1
326 134 -1
326 1631 -1
327 126 1
327 127 -1
327 1243 -1
328 126 1
328 128 -1
328 1630 1
329 126 1
329 136 1
329 804 -1
330 126 1
330 135 1
330 207 -1
331 127 1
331 128 -1
331 1242 -1
332 127 1
332 134 -1
332 1244 -1
333 127 1
333 131 -1
333 1245 -1
334 128 1
334 130 -1
334 1550 1
335 128 1
335 136 1
335 802 -1
336 129 1
336 132 -1
336 400 1
337 129 1
337 133 -1
337 1067 1
338 129 1
338 131 -1
338 1268 -1
339 129 1
339 134 -1
339 1272 -1
340 130 1
340 133 -1
340 1069 -1
341 130 1
341 132 -1
341 408 1
342 130 1
342 137 1
342 692 -1
343 130 1
343 136 1
343 803 1
344 131 1
344 134 -1
344 1428 -1
345 132 1
345 133 -1
345 401 1
346 132 1
346 135 1
346 205 -1
347 132 1
347 138 1
347 404 1
348 132 1
348 137 1
348 407 -1
349 135 1
349 138 -1
349 204 1
350 135 1
350 136 -1
350 202 -1
351 136 1
351 138 -1
351 801 1
352 136 1
352 137 -1
352 690 1
353 137 1
353 138 -1
353 689 -1
354 139 1
354 141 1
354 1115 -1
355 139 1
355 143 1
355 1439 -1
356 139 1
356 147 -1
356 1091 -1
357 139 1
357 148 1
357 1667 -1
358 140 1
358 146 1
358 654 -1
359 140 1
359 144 -1
359 653 1
360 140 1
360 141 -1
360 652 1
361 140 1
361 143 -1
361 651 1
362 140 1
362 147 1
362 655 -1
363 140 1
363 145 1
363 483 -1
364 141 1
364 143 -1
364 1118 -1
365 141 1
365 144 -1
365 1117 -1
366 141 1
366 148 -1
366 1119 1
367 142 1
367 144 -1
367 1521 -1
368 142 1
368 146 1
368 1502 1
369 142 1
369 145 1
369 491 -1
370 142 1
370 149 1
370 698 1
371 142 1
371 150 1
371 207 -1
372 142 1
372 151 -1
372 804 -1
373 142 1
373 148 -1
373 1630 1
374 143 1
374 147 1
374 1093 1
375 144 1
375 146 1
375 1501 1
376 144 1
376 148 -1
376 1522 1
377 145 1
377 147 -1
377 481 -1
378 145 1
378 146 -1
378 488 1
379 145 1
379 149 -1
379 490 -1
380 148 1
380 151 -1
380 802 -1
381 149 1
381 150 -1
381 201 1
382 150 1
382 151 1
382 202 -1
383 152 1
383 154 -1
383 899 -1
384 152 1
384 156 1
384 898 -1
385 152 1
385 157 1
385 896 1
386 152 1
386 155 -1
386 399 -1
387 152 1
387 158 1
387 622 1
388 152 1
388 161 1
388 897 1
389 152 1
389 160 -1
389 199 1
390 153 1
390 159 1
390 292 -1
391 153 1
391 158 1
391 624 -1
392 153 1
392 165 1
392 1100 1
393 153 1
393 163 -1
393 1099 1
394 154 1
394 156 1
394 1639 1
395 154 1
395 160 -1
395 209 -1
396 154 1
396 168 1
396 563 -1
397 155 1
397 157 1
397 398 1
398 155 1
398 158 1
398 402 -1
399 156 1
399 157 -1
399 1682 -1
400 156 1
400 163 1
400 1683 -1
401 157 1
401 158 -1
401 623 1
402 157 1
402 165 -1
402 1138 1
403 157 1
403 163 1
403 1690 1
404 158 1
404 161 -1
404 620 -1
405 158 1
405 159 -1
405 290 1
406 158 1
406 165 -1
406 626 -1
407 159 1
407 162 -1
407 286 1
408 159 1
408 161 -1
408 289 -1
409 159 1
409 167 1
409 293 1
410 159 1
410 164 -1
410 288 -1
411 160 1
411 161 1
411 204 -1
412 160 1
412 167 -1
412 203 -1
413 160 1
413 166 1
413 200 1
414 160 1
414 168 1
414 212 1
415 161 1
415 167 1
415 1112 1
416 162 1
416 164 -1
416 1130 1
417 163 1
417 165 1
417 1134 -1
418 164 1
418 167 1
418 1113 -1
419 164 1
419 166 -1
419 1214 1
420 164 1
420 168 -1
420 555 1
421 166 1
421 167 1
421 1111 1
422 166 1
422 168 -1
422 559 1
423 169 1
423 171 1
423 1708 -1
424 169 1
424 173 1
424 1575 -1
425 169 1
425 174 1
425 418 -1
426 169 1
426 176 1
426 1560 -1
427 169 1
427 170 -1
427 1691 -1
428 170 1
428 176 1
428 1563 1
429 170 1
429 172 1
429 1221 1
430 170 1
430 177 1
430 1693 -1
431 170 1
431 178 1
431 1676 -1
432 170 1
432 171 1
432 1692 1
433 171 1
433 175 -1
433 309 1
434 171 1
434 177 -1
434 1709 1
435 171 1
435 178 -1
435 1675 -1
436 171 1
436 173 -1
436 1577 1
437 171 1
437 174 -1
437 424 1
438 171 1
438 180 1
438 551 -1
439 171 1
439 179 1
439 1337 1
440 172 1
440 177 -1
440 1220 1
441 172 1
441 176 -1
441 1222 -1
442 173 1
442 174 -1
442 422 -1
443 174 1
443 176 -1
443 420 -1
444 174 1
444 179 1
444 421 -1
445 174 1
445 180 1
445 423 1
446 175 1
446 179 1
446 314 -1
447 175 1
447 177 -1
447 315 -1
448 176 1
448 177 -1
448 1566 1
449 176 1
449 179 1
449 1334 -1
450 177 1
450 178 -1
450 1674 1
451 177 1
451 179 1
451 1332 -1
452 179 1
452 180 -1
452 545 1
453 181 1
453 184 1
453 781 -1
454 181 1
454 187 1
454 1707 -1
455 181 1
455 188 -1
455 1700 -1
456 181 1
456 182 1
456 1567 -1
457 182 1
457 184 -1
457 784 -1
458 182 1
458 186 -1
458 1570 1
459 182 1
459 185 -1
459 1121 1
460 182 1
460 188 1
460 1571 1
461 183 1
461 186 1
461 308 -1
462 183 1
462 185 1
462 310 1
463 183 1
463 187 1
463 309 1
464 183 1
464 184 1
464 311 -1
465 184 1
465 186 -1
465 783 1
466 184 1
466 187 -1
466 786 1
467 185 1
467 186 -1
467 1122 1
468 185 1
468 187 -1
468 1126 -1
469 185 1
469 188 1
469 1124 -1
470 187 1
470 188 1
470 1701 -1
471 189 1
471 191 -1
471 686 -1
472 189 1
472 190 -1
473 189 1
473 195 1
473 1024 -1
474 189 1
474 197 1
474 285 -1
475 189 1
475 193 1
475 1694 -1
476 190 1
476 195 1
476 1025 -1
477 190 1
477 191 -1
477 687 -1
478 190 1
478 196 1
478 799 -1
479 190 1
479 192 1
479 1110 -1
480 191 1
480 193 1
480 688 -1
481 191 1
481 194 1
481 689 -1
482 191 1
482 192 1
482 691 -1
483 191 1
483 196 1
483 690 -1
484 192 1
484 195 -1
484 1027 -1
485 192 1
485 194 -1
485 1112 1
486 192 1
486 196 -1
486 800 -1
487 193 1
487 194 -1
487 1695 1
488 193 1
488 197 -1
488 291 1
489 194 1
489 195 -1
489 1028 -1
490 194 1
490 197 -1
490 289 -1
491 195 1
491 197 -1
491 287 -1
492 198 1
492 204 1
492 601 -1
493 198 1
493 203 1
493 599 1
494 198 1
494 200 -1
494 598 1
495 198 1
495 206 1
495 603 -1
496 198 1
496 202 -1
496 600 1
497 199 1
497 205 1
497 399 1
498 199 1
498 204 -1
498 897 -1
499 199 1
499 209 1
499 899 1
500 199 1
500 201 1
500 699 1
501 200 1
501 206 1
501 672 -1
502 200 1
502 203 1
502 1111 -1
503 200 1
503 212 -1
503 559 -1
504 200 1
504 208 1
504 1228 -1
505 201 1
505 206 1
505 669 -1
506 201 1
506 210 -1
506 702 -1
507 201 1
507 209 -1
507 705 -1
508 201 1
508 205 -1
508 409 -1
509 201 1
509 207 -1
509 698 -1
510 202 1
510 204 1
510 801 -1
511 202 1
511 207 -1
511 804 1
512 203 1
512 204 -1
512 1112 -1
513 204 1
513 205 1
513 404 1
514 205 1
514 207 -1
514 406 1
515 206 1
515 210 1
515 675 1
516 206 1
516 211 -1
516 676 1
517 206 1
517 208 -1
517 666 -1
518 208 1
518 211 -1
518 833 1
519 208 1
519 212 1
519 565 1
520 209 1
520 210 -1
520 1637 1
521 209 1
521 211 1
521 825 1
522 209 1
522 212 -1
522 563 -1
523 210 1
523 211 1
523 824 1
524 211 1
524 212 1
524 566 -1
525 213 1
525 215 1
525 1353 -1
526 213 1
526 219 1
526 1715 -1
527 213 1
527 217 1
527 495 -1
528 213 1
528 216 1
528 1231 -1
529 213 1
529 221 1
529 1601 -1
530 213 1
530 214 -1
531 214 1
531 221 1
531 1602 -1
532 214 1
532 222 -1
532 756 -1
533 214 1
533 215 1
533 1354 -1
534 215 1
534 219 -1
534 1355 1
535 215 1
535 218 -1
535 1351 -1
536 215 1
536 220 -1
536 771 1
537 215 1
537 216 -1
537 1234 1
538 215 1
538 222 1
538 761 -1
539 216 1
539 220 -1
539 768 -1
540 216 1
540 218 -1
540 1233 -1
541 216 1
541 217 -1
541 496 -1
542 216 1
542 221 -1
542 1235 1
543 216 1
543 222 1
543 760 1
544 217 1
544 218 -1
544 499 -1
545 217 1
545 219 -1
545 501 -1
546 218 1
546 219 -1
546 1350 -1
547 218 1
547 220 -1
547 766 -1
548 221 1
548 222 1
548 763 1
549 223 1
549 225 -1
549 1379 -1
550 223 1
550 224 -1
551 223 1
551 232 1
551 1150 -1
552 223 1
552 234 1
552 525 -1
553 223 1
553 233 1
553 1485 -1
554 224 1
554 225 -1
554 1380 -1
555 224 1
555 230 1
555 933 -1
556 224 1
556 226 1
556 819 -1
557 224 1
557 228 1
557 267 -1
558 224 1
558 227 1
558 1005 -1
559 224 1
559 232 1
559 1151 -1
560 225 1
560 231 1
560 1383 1
561 225 1
561 229 1
561 1162 -1
562 225 1
562 226 1
562 823 1
563 225 1
563 230 1
563 936 1
564 225 1
564 233 1
564 1384 -1
565 225 1
565 227 1
565 1010 1
566 226 1
566 228 -1
566 268 -1
567 226 1
567 227 -1
567 822 1
568 226 1
568 229 -1
568 821 1
569 226 1
569 230 -1
569 820 -1
570 227 1
570 231 -1
570 1006 -1
571 227 1
571 229 -1
571 1007 -1
572 227 1
572 228 -1
572 272 1
573 227 1
573 232 -1
573 1009 1
574 227 1
574 234 -1
574 533 -1
575 227 1
575 233 -1
575 1008 1
576 229 1
576 231 -1
576 1158 1
577 232 1
577 234 -1
577 529 -1
578 233 1
578 234 -1
578 535 1
579 235 1
579 238 1
579 984 -1
580 235 1
580 236 -1
580 278 -1
581 235 1
581 237 1
581 985 1
582 235 1
582 239 1
582 987 1
583 235 1
583 249 -1
583 989 -1
584 235 1
584 242 1
584 986 1
585 236 1
585 237 1
585 279 -1
586 236 1
586 238 1
586 280 1
587 236 1
587 246 1
587 281 -1
588 236 1
588 243 -1
588 283 -1
589 237 1
589 239 -1
589 1533 -1
590 237 1
590 244 1
590 1534 1
591 237 1
591 243 1
591 1535 1
592 238 1
592 242 -1
592 1424 1
593 238 1
593 246 -1
593 1289 1
594 238 1
594 248 -1
594 1393 -1
595 238 1
595 240 -1
595 1425 -1
596 239 1
596 245 1
596 1080 -1
597 239 1
597 244 1
597 1586 1
598 239 1
598 249 1
598 1324 1
599 239 1
599 247 -1
599 1620 1
600 240 1
600 248 -1
600 1392 -1
601 240 1
601 243 1
601 1554 -1
602 240 1
602 241 1
602 1206 1
603 240 1
603 245 1
603 1079 1
604 240 1
604 247 -1
604 1619 1
605 240 1
605 249 1
605 1321 -1
606 240 1
606 242 -1
606 1606 -1
607 241 1
607 243 -1
607 1203 1
608 241 1
608 245 -1
608 1077 -1
609 241 1
609 244 -1
609 1209 -1
610 242 1
610 249 1
610 1322 1
611 243 1
611 244 -1
611 1555 -1
612 243 1
612 246 1
612 1287 -1
613 243 1
613 248 1
613 1389 1
614 244 1
614 245 -1
614 1074 -1
615 245 1
615 247 1
615 1075 1
616 246 1
616 248 -1
616 1288 -1
617 247 1
617 249 1
617 1319 -1
618 250 1
618 256 1
618 1284 -1
619 250 1
619 252 -1
620 250 1
620 251 -1
621 250 1
621 258 1
621 1031 -1
622 250 1
622 257 1
622 1423 -1
623 251 1
623 252 -1
624 251 1
624 254 1
624 1670 -1
625 251 1
625 253 1
625 1385 -1
626 251 1
626 258 1
626 1032 -1
627 252 1
627 254 1
627 1671 -1
628 252 1
628 256 1
628 1285 -1
629 252 1
629 255 1
629 1649 -1
630 253 1
630 256 -1
630 1288 -1
631 253 1
631 255 -1
631 1388 -1
632 253 1
632 254 -1
632 1390 1
633 253 1
633 258 -1
633 1040 -1
634 253 1
634 257 -1
634 1393 -1
635 254 1
635 255 -1
635 1651 1
636 255 1
636 256 -1
636 1286 -1
637 256 1
637 257 -1
637 1289 1
638 257 1
638 258 -1
638 1035 1
639 259 1
639 260 1
639 367 -1
640 259 1
640 263 1
640 1539 -1
641 259 1
641 261 -1
641 1139 -1
642 260 1
642 262 -1
642 372 -1
643 260 1
643 266 -1
643 371 1
644 260 1
644 261 1
644 370 1
645 261 1
645 266 1
645 1142 -1
646 261 1
646 263 1
646 1141 1
647 261 1
647 264 -1
647 719 1
648 262 1
648 266 -1
648 1647 1
649 262 1
649 265 -1
649 963 1
650 262 1
650 264 1
650 723 -1
651 263 1
651 265 -1
651 970 -1
652 264 1
652 266 1
652 725 -1
653 267 1
653 268 1
653 819 -1
654 267 1
654 274 -1
654 650 -1
655 267 1
655 273 -1
655 1499 -1
656 267 1
656 275 1
656 1261 -1
657 267 1
657 272 -1
657 1005 -1
658 268 1
658 269 1
658 821 1
659 268 1
659 272 1
659 822 1
660 268 1
660 274 1
660 656 -1
661 268 1
661 270 1
661 820 -1
662 269 1
662 271 1
662 482 1
663 269 1
663 270 -1
663 935 1
664 269 1
664 272 -1
664 1007 -1
665 270 1
665 271 1
665 487 1
666 270 1
666 274 -1
666 657 1
667 271 1
667 274 1
667 483 1
668 271 1
668 273 1
668 488 -1
669 272 1
669 275 1
669 1011 -1
670 273 1
670 274 -1
670 654 -1
671 273 1
671 275 1
671 1263 -1
672 276 1
672 281 -1
672 1284 -1
673 276 1
673 280 1
673 1423 -1
674 276 1
674 278 1
674 983 -1
675 276 1
675 279 -1
675 1532 -1
676 276 1
676 282 1
676 775 -1
677 276 1
677 277 -1
678 277 1
678 282 1
678 776 -1
679 277 1
679 281 -1
679 1285 -1
680 278 1
680 279 1
680 985 1
681 278 1
681 280 -1
681 984 -1
682 279 1
682 283 -1
682 1535 1
683 279 1
683 284 1
683 478 1
684 279 1
684 282 1
684 778 1
685 280 1
685 281 1
685 1289 -1
686 281 1
686 282 1
686 780 1
687 281 1
687 284 1
687 471 1
688 281 1
688 283 -1
688 1287 -1
689 282 1
689 284 -1
689 479 -1
690 283 1
690 284 1
690 469 -1
691 285 1
691 288 1
691 1211 -1
692 285 1
692 286 -1
692 1129 -1
693 285 1
693 292 1
693 1095 -1
694 285 1
694 290 1
694 618 -1
695 285 1
695 291 -1
695 1694 -1
696 285 1
696 287 1
696 1024 -1
697 286 1
697 292 1
697 1098 1
698 286 1
698 288 1
698 1130 1
699 287 1
699 288 -1
699 1026 1
700 287 1
700 293 1
700 1027 1
701 287 1
701 289 -1
701 1028 1
702 288 1
702 293 1
702 1113 1
703 289 1
703 290 -1
703 620 -1
704 289 1
704 291 1
704 1695 -1
705 289 1
705 293 1
705 1112 -1
706 290 1
706 291 1
706 619 1
707 290 1
707 292 -1
707 624 1
708 294 1
708 303 -1
708 457 1
709 294 1
709 298 -1
709 753 -1
710 294 1
710 302 -1
710 1617 -1
711 294 1
711 305 -1
711 1127 -1
712 294 1
712 295 1
712 1674 1
713 294 1
713 306 -1
713 1676 1
714 294 1
714 297 1
714 1062 1
715 295 1
715 301 1
715 1710 1
716 295 1
716 299 -1
716 1512 1
717 295 1
717 296 1
717 990 -1
718 295 1
718 305 1
718 1128 1
719 295 1
719 306 1
719 1693 -1
720 295 1
720 304 1
720 1220 -1
721 296 1
721 300 -1
721 607 -1
722 296 1
722 299 1
722 994 1
723 296 1
723 305 -1
723 999 -1
724 296 1
724 302 -1
724 996 1
725 297 1
725 303 1
725 462 -1
726 297 1
726 300 1
726 611 1
727 297 1
727 299 -1
727 1056 -1
728 297 1
728 301 1
728 1057 -1
729 297 1
729 304 1
729 1058 -1
730 297 1
730 306 1
730 1064 1
731 298 1
731 300 -1
731 614 -1
732 298 1
732 302 -1
732 754 -1
733 298 1
733 303 -1
733 459 1
734 299 1
734 300 1
734 609 1
735 299 1
735 301 1
735 1511 1
736 300 1
736 302 -1
736 616 1
737 301 1
737 304 -1
737 1217 1
738 302 1
738 305 -1
738 1125 -1
739 304 1
739 306 -1
739 1221 -1
740 307 1
740 311 1
740 782 -1
741 307 1
741 308 1
741 1685 -1
742 307 1
742 313 1
742 544 -1
743 307 1
743 312 1
743 1576 -1
744 308 1
744 311 -1
744 783 -1
745 308 1
745 313 -1
745 546 -1
746 308 1
746 314 1
746 1329 -1
747 308 1
747 315 1
747 1687 1
748 308 1
748 310 1
748 1122 -1
749 309 1
749 311 1
749 786 1
750 309 1
750 312 1
750 1577 -1
751 309 1
751 313 1
751 551 1
752 309 1
752 314 -1
752 1337 -1
753 309 1
753 315 -1
753 1709 -1
754 309 1
754 310 -1
754 1126 -1
755 310 1
755 315 -1
755 1128 1
756 311 1
756 312 -1
756 785 1
757 312 1
757 313 -1
757 553 -1
758 313 1
758 314 1
758 545 1
759 314 1
759 315 -1
759 1332 -1
760 316 1
760 320 1
760 1144 -1
761 316 1
761 319 1
761 1532 -1
762 316 1
762 321 1
762 983 -1
763 316 1
763 318 1
763 1441 -1
764 317 1
764 320 1
764 1145 1
765 317 1
765 318 1
765 1442 -1
766 317 1
766 321 1
766 987 1
767 317 1
767 319 1
767 1533 1
768 318 1
768 320 -1
768 1146 -1
769 318 1
769 321 -1
769 988 -1
770 319 1
770 320 -1
770 1147 -1
771 319 1
771 321 -1
771 985 -1
772 322 1
772 324 1
772 1510 -1
773 322 1
773 333 1
773 887 -1
774 322 1
774 326 1
774 1411 -1
775 323 1
775 332 -1
775 748 1
776 323 1
776 325 1
776 735 1
777 323 1
777 326 1
777 739 1
778 323 1
778 331 1
778 442 1
779 323 1
779 327 1
779 743 -1
780 323 1
780 328 1
780 737 1
781 323 1
781 330 1
781 738 -1
782 323 1
782 334 1
782 747 1
783 323 1
783 324 1
783 742 -1
784 324 1
784 332 1
784 1232 1
785 324 1
785 325 -1
785 1409 1
786 324 1
786 326 -1
786 1412 -1
787 324 1
787 333 -1
787 892 -1
788 324 1
788 329 1
788 427 1
789 324 1
789 334 -1
789 1479 -1
790 325 1
790 326 -1
790 1406 1
791 325 1
791 332 1
791 1237 -1
792 326 1
792 331 -1
792 444 -1
793 326 1
793 333 -1
793 891 -1
794 327 1
794 328 -1
794 1362 1
795 327 1
795 329 1
795 428 1
796 327 1
796 333 -1
796 890 1
797 327 1
797 331 -1
797 446 -1
798 328 1
798 330 -1
798 1357 1
799 328 1
799 329 1
799 433 1
800 329 1
800 333 1
800 439 1
801 329 1
801 334 1
801 429 1
802 329 1
802 330 1
802 430 1
803 330 1
803 334 -1
803 1478 -1
804 331 1
804 333 -1
804 453 -1
805 335 1
805 337 -1
805 1455 -1
806 335 1
806 336 1
806 640 -1
807 335 1
807 343 -1
807 1578 -1
808 335 1
808 341 -1
808 844 -1
809 336 1
809 343 1
809 647 1
810 336 1
810 340 1
810 643 -1
811 336 1
811 344 1
811 645 1
812 336 1
812 345 -1
812 644 1
813 336 1
813 337 1
813 641 1
814 337 1
814 341 -1
814 846 1
815 337 1
815 343 -1
815 1458 -1
816 337 1
816 338 -1
816 1182 -1
817 337 1
817 339 -1
817 1045 -1
818 337 1
818 342 1
818 512 1
819 337 1
819 345 1
819 1459 -1
820 338 1
820 343 -1
820 1184 -1
821 338 1
821 340 -1
821 922 1
822 338 1
822 344 -1
822 1174 1
823 338 1
823 339 -1
823 1043 -1
824 339 1
824 344 -1
824 1052 1
825 339 1
825 342 1
825 515 -1
826 340 1
826 343 -1
826 929 -1
827 340 1
827 344 -1
827 926 1
828 341 1
828 343 -1
828 851 -1
829 342 1
829 345 -1
829 513 -1
830 342 1
830 344 1
830 516 1
831 344 1
831 345 1
831 1176 1
832 346 1
832 347 -1
833 346 1
833 350 1
833 1702 -1
834 346 1
834 351 1
834 525 -1
835 346 1
835 348 1
835 1375 -1
836 347 1
836 348 1
836 1376 -1
837 347 1
837 349 1
837 367 -1
838 347 1
838 350 1
838 1703 -1
839 348 1
839 351 -1
839 528 -1
840 348 1
840 349 -1
840 368 -1
841 348 1
841 353 1
841 1378 1
842 348 1
842 352 1
842 1377 1
843 349 1
843 350 -1
843 371 1
844 349 1
844 353 1
844 372 -1
845 350 1
845 351 -1
845 531 -1
846 350 1
846 352 1
846 1623 1
847 350 1
847 353 1
847 1647 -1
848 351 1
848 352 1
848 527 1
849 352 1
849 353 -1
849 1622 -1
850 354 1
850 360 -1
850 1226 -1
851 354 1
851 355 1
851 1625 -1
852 354 1
852 358 1
852 1679 -1
853 354 1
853 363 1
853 1110 -1
854 354 1
854 362 1
854 1704 -1
855 355 1
855 360 1
855 1230 -1
856 355 1
856 358 -1
856 1627 1
857 355 1
857 359 -1
857 1157 -1
858 355 1
858 357 -1
858 1628 1
859 355 1
859 356 -1
859 558 -1
860 355 1
860 366 1
860 878 -1
861 355 1
861 361 1
861 1609 -1
862 356 1
862 357 -1
862 554 1
863 356 1
863 364 1
863 555 1
864 356 1
864 362 -1
864 559 1
865 356 1
865 360 1
865 565 1
866 356 1
866 361 1
866 567 1
867 356 1
867 366 1
867 560 1
868 357 1
868 359 -1
868 1156 1
869 357 1
869 358 -1
869 1681 1
870 357 1
870 364 1
870 1213 1
871 358 1
871 359 -1
871 1155 -1
872 358 1
872 363 -1
872 1114 1
873 358 1
873 365 1
873 1030 -1
874 358 1
874 364 1
874 1215 1
875 360 1
875 361 -1
875 1227 -1
876 360 1
876 362 1
876 1228 -1
877 361 1
877 366 -1
877 876 1
878 362 1
878 364 1
878 1214 1
879 362 1
879 363 -1
879 1111 -1
880 363 1
880 364 1
880 1113 -1
881 363 1
881 365 1
881 1027 -1
882 364 1
882 365 -1
882 1026 1
883 367 1
883 368 1
883 1376 -1
884 367 1
884 369 1
884 1151 -1
885 367 1
885 370 1
885 1139 -1
886 367 1
886 371 1
886 1703 -1
887 368 1
887 369 -1
887 1152 -1
888 368 1
888 372 1
888 1378 1
889 370 1
889 371 -1
889 1142 1
890 371 1
890 372 1
890 1647 -1
891 373 1
891 380 -1
891 428 -1
892 373 1
892 382 -1
892 436 -1
893 373 1
893 375 -1
893 425 1
894 373 1
894 378 -1
894 432 1
895 373 1
895 376 -1
895 426 -1
896 373 1
896 379 -1
896 431 -1
897 373 1
897 383 1
897 430 -1
898 373 1
898 381 -1
898 434 -1
899 374 1
899 375 1
899 1145 1
900 374 1
900 378 1
900 1533 1
901 374 1
901 376 1
901 1586 1
902 374 1
902 379 1
902 1080 -1
903 374 1
903 381 1
903 1509 1
904 374 1
904 377 1
904 1442 -1
905 375 1
905 378 -1
905 1147 1
906 375 1
906 382 -1
906 1148 1
907 375 1
907 377 -1
907 1146 1
908 376 1
908 378 -1
908 1534 1
909 376 1
909 379 -1
909 1074 -1
910 377 1
910 382 -1
910 1436 1
911 377 1
911 384 1
911 1443 1
912 377 1
912 381 -1
912 1445 1
913 379 1
913 381 -1
913 1078 1
914 379 1
914 383 1
914 1076 1
915 380 1
915 381 -1
915 1507 -1
916 380 1
916 384 1
916 1557 1
917 380 1
917 382 -1
917 1435 -1
918 381 1
918 383 1
918 1508 1
919 381 1
919 384 1
919 1504 1
920 382 1
920 384 1
920 1432 -1
921 385 1
921 386 1
921 1395 1
922 385 1
922 388 -1
922 1313 -1
923 385 1
923 390 1
923 1398 -1
924 385 1
924 387 1
924 708 1
925 386 1
925 387 -1
925 710 1
926 386 1
926 388 1
926 1318 1
927 386 1
927 389 1
927 1300 -1
928 386 1
928 392 1
928 1543 1
929 386 1
929 394 1
929 1094 -1
930 386 1
930 393 -1
930 673 1
931 387 1
931 390 -1
931 706 -1
932 387 1
932 393 -1
932 668 1
933 387 1
933 391 1
933 713 1
934 388 1
934 391 -1
934 1039 1
935 388 1
935 395 -1
935 1322 1
936 388 1
936 390 1
936 1321 -1
937 388 1
937 389 -1
937 1298 -1
938 388 1
938 392 -1
938 1325 1
939 388 1
939 397 1
939 1323 1
940 388 1
940 396 -1
940 1326 1
941 389 1
941 392 -1
941 1303 -1
942 390 1
942 391 1
942 1036 -1
943 390 1
943 395 1
943 1606 -1
944 391 1
944 393 1
944 677 1
945 391 1
945 395 -1
945 1033 1
946 391 1
946 396 -1
946 1034 1
947 391 1
947 392 -1
947 1038 -1
948 392 1
948 394 -1
948 1092 -1
949 392 1
949 396 -1
949 1472 -1
950 392 1
950 397 1
950 1464 1
951 396 1
951 397 1
951 1462 1
952 398 1
952 402 1
952 623 -1
953 398 1
953 401 -1
953 1070 -1
954 398 1
954 403 -1
954 1641 1
955 398 1
955 400 1
955 1269 -1
956 398 1
956 406 -1
956 1632 -1
957 398 1
957 409 -1
957 703 1
958 398 1
958 399 -1
958 896 -1
959 399 1
959 404 -1
959 897 1
960 399 1
960 402 1
960 622 1
961 399 1
961 409 -1
961 699 -1
962 400 1
962 401 1
962 1067 -1
963 400 1
963 403 1
963 1267 1
964 400 1
964 406 1
964 1271 -1
965 401 1
965 403 -1
965 1066 1
966 401 1
966 402 1
966 621 1
967 401 1
967 405 1
967 1071 1
968 401 1
968 408 1
968 1069 1
969 402 1
969 405 -1
969 619 -1
970 402 1
970 404 1
970 620 -1
971 404 1
971 407 1
971 689 -1
972 404 1
972 405 1
972 1695 -1
973 405 1
973 408 -1
973 1551 1
974 405 1
974 407 -1
974 688 1
975 406 1
975 409 -1
975 698 1
976 407 1
976 408 -1
976 692 -1
977 410 1
977 413 -1
977 844 -1
978 410 1
978 412 1
978 1658 -1
979 410 1
979 414 -1
979 640 -1
980 410 1
980 411 1
980 1455 -1
981 411 1
981 416 1
981 1311 1
982 411 1
982 412 -1
982 1456 1
983 411 1
983 414 1
983 641 -1
984 411 1
984 413 1
984 846 -1
985 411 1
985 417 1
985 1429 -1
986 411 1
986 415 1
986 1457 1
987 412 1
987 413 1
987 847 1
988 412 1
988 414 1
988 642 -1
989 412 1
989 416 1
989 1309 1
990 412 1
990 415 1
990 1642 1
991 413 1
991 417 -1
991 848 -1
992 413 1
992 415 -1
992 850 1
993 415 1
993 416 -1
993 1307 -1
994 415 1
994 417 -1
994 1426 -1
995 418 1
995 420 -1
995 1560 -1
996 418 1
996 422 1
996 1575 -1
997 418 1
997 419 -1
998 419 1
998 420 -1
998 1561 -1
999 419 1
999 422 1
999 1576 -1
1000 419 1
1000 423 1
1000 544 -1
1001 419 1
1001 421 -1
1001 1327 -1
1002 420 1
1002 421 -1
1002 1334 1
1003 421 1
1003 423 1
1003 545 1
1004 422 1
1004 423 -1
1004 553 -1
1005 422 1
1005 424 1
1005 1577 -1
1006 423 1
1006 424 1
1006 551 1
1007 425 1
1007 432 -1
1007 1147 1
1008 425 1
1008 437 -1
1008 858 -1
1009 425 1
1009 435 -1
1009 773 -1
1010 425 1
1010 427 1
1010 1149 1
1011 425 1
1011 438 -1
1011 543 1
1012 425 1
1012 439 1
1012 895 -1
1013 425 1
1013 436 1
1013 1148 1
1014 426 1
1014 430 -1
1014 1587 -1
1015 426 1
1015 431 -1
1015 1074 1
1016 426 1
1016 432 1
1016 1534 -1
1017 426 1
1017 429 -1
1017 1477 -1
1018 427 1
1018 429 -1
1018 1479 1
1019 427 1
1019 435 1
1019 769 1
1020 427 1
1020 438 1
1020 541 1
1021 427 1
1021 439 -1
1021 892 1
1022 428 1
1022 434 -1
1022 1507 1
1023 428 1
1023 430 -1
1023 1559 -1
1024 428 1
1024 433 -1
1024 1362 -1
1025 428 1
1025 439 -1
1025 890 -1
1026 428 1
1026 436 -1
1026 1435 1
1027 429 1
1027 430 -1
1027 1478 -1
1028 429 1
1028 432 1
1028 1481 1
1029 429 1
1029 437 1
1029 860 1
1030 429 1
1030 435 1
1030 772 -1
1031 430 1
1031 431 -1
1031 1076 1
1032 430 1
1032 433 -1
1032 1357 1
1033 430 1
1033 434 -1
1033 1508 1
1034 432 1
1034 437 -1
1034 856 -1
1035 435 1
1035 437 -1
1035 770 -1
1036 436 1
1036 439 -1
1036 894 -1
1037 438 1
1037 439 1
1037 542 1
1038 440 1
1038 449 1
1038 794 1
1039 440 1
1039 442 -1
1039 741 1
1040 440 1
1040 446 -1
1040 1529 -1
1041 440 1
1041 448 1
1041 1530 1
1042 440 1
1042 451 1
1042 727 1
1043 440 1
1043 452 1
1043 1179 1
1044 440 1
1044 445 1
1044 1451 -1
1045 441 1
1045 451 1
1045 721 -1
1046 441 1
1046 448 1
1046 957 1
1047 441 1
1047 444 -1
1047 958 1
1048 441 1
1048 447 -1
1048 959 -1
1049 441 1
1049 452 1
1049 955 -1
1050 442 1
1050 444 -1
1050 739 -1
1051 442 1
1051 446 -1
1051 743 1
1052 442 1
1052 449 1
1052 736 -1
1053 442 1
1053 450 -1
1053 740 1
1054 442 1
1054 443 -1
1054 735 -1
1055 443 1
1055 444 -1
1055 1406 1
1056 443 1
1056 450 -1
1056 1407 1
1057 443 1
1057 447 -1
1057 1060 1
1058 444 1
1058 447 -1
1058 1063 -1
1059 444 1
1059 448 1
1059 1413 1
1060 444 1
1060 453 1
1060 891 -1
1061 445 1
1061 449 -1
1061 797 -1
1062 445 1
1062 450 1
1062 1452 1
1063 445 1
1063 447 1
1063 1061 1
1064 445 1
1064 452 -1
1064 1175 1
1065 446 1
1065 453 1
1065 890 1
1066 446 1
1066 448 1
1066 1556 1
1067 447 1
1067 450 -1
1067 1056 -1
1068 448 1
1068 451 -1
1068 717 1
1069 448 1
1069 453 -1
1069 888 1
1070 449 1
1070 450 1
1070 795 1
1071 454 1
1071 460 1
1071 1273 -1
1072 454 1
1072 457 1
1072 1672 -1
1073 454 1
1073 461 1
1073 1491 -1
1074 454 1
1074 455 -1
1074 879 -1
1075 455 1
1075 458 1
1075 806 -1
1076 455 1
1076 460 1
1076 884 -1
1077 455 1
1077 461 1
1077 880 -1
1078 455 1
1078 456 1
1078 883 1
1079 455 1
1079 464 1
1079 881 -1
1080 455 1
1080 466 1
1080 885 1
1081 455 1
1081 463 1
1081 511 1
1082 456 1
1082 462 -1
1082 1059 -1
1083 456 1
1083 457 -1
1083 1104 -1
1084 456 1
1084 461 -1
1084 1103 -1
1085 456 1
1085 464 -1
1085 916 1
1086 456 1
1086 466 -1
1086 1107 -1
1087 457 1
1087 459 -1
1087 753 1
1088 457 1
1088 460 -1
1088 1275 -1
1089 457 1
1089 461 -1
1089 1493 -1
1090 457 1
1090 462 -1
1090 1062 -1
1091 458 1
1091 460 -1
1091 807 1
1092 458 1
1092 463 -1
1092 504 1
1093 459 1
1093 465 -1
1093 751 -1
1094 459 1
1094 460 -1
1094 752 1
1095 460 1
1095 465 -1
1095 1274 1
1096 460 1
1096 463 -1
1096 508 -1
1097 463 1
1097 465 -1
1097 510 1
1098 463 1
1098 466 -1
1098 513 -1
1099 464 1
1099 466 -1
1099 918 1
1100 467 1
1100 468 -1
1100 1544 -1
1101 467 1
1101 472 1
1101 1649 -1
1102 467 1
1102 471 1
1102 1285 -1
1103 467 1
1103 479 1
1103 776 -1
1104 467 1
1104 473 -1
1104 1163 -1
1105 467 1
1105 474 1
1105 1699 -1
1106 467 1
1106 480 1
1106 1514 -1
1107 467 1
1107 477 1
1107 861 -1
1108 468 1
1108 475 1
1108 979 -1
1109 468 1
1109 470 1
1109 1202 1
1110 468 1
1110 469 -1
1110 1546 1
1111 468 1
1111 472 1
1111 1547 -1
1112 468 1
1112 477 1
1112 871 1
1113 468 1
1113 473 -1
1113 1166 1
1114 469 1
1114 471 1
1114 1287 1
1115 469 1
1115 472 1
1115 1553 1
1116 469 1
1116 470 1
1116 1203 1
1117 469 1
1117 476 1
1117 1555 1
1118 469 1
1118 478 1
1118 1535 -1
1119 470 1
1119 476 -1
1119 1209 -1
1120 470 1
1120 475 -1
1120 977 1
1121 471 1
1121 472 -1
1121 1286 1
1122 471 1
1122 479 -1
1122 780 -1
1123 473 1
1123 476 1
1123 1167 -1
1124 473 1
1124 475 1
1124 975 1
1125 473 1
1125 477 1
1125 877 -1
1126 473 1
1126 474 1
1126 1164 1
1127 473 1
1127 479 1
1127 779 1
1128 473 1
1128 478 1
1128 1169 1
1129 474 1
1129 480 -1
1129 1517 1
1130 474 1
1130 477 -1
1130 874 1
1131 475 1
1131 476 -1
1131 972 1
1132 476 1
1132 478 -1
1132 1534 1
1133 477 1
1133 480 -1
1133 864 1
1134 478 1
1134 479 -1
1134 778 -1
1135 481 1
1135 485 -1
1135 1094 -1
1136 481 1
1136 486 -1
1136 1092 1
1137 481 1
1137 487 -1
1137 939 -1
1138 481 1
1138 483 -1
1138 655 1
1139 482 1
1139 484 -1
1139 1159 1
1140 482 1
1140 487 -1
1140 935 -1
1141 482 1
1141 489 -1
1141 1160 1
1142 482 1
1142 486 -1
1142 1161 1
1143 483 1
1143 487 -1
1143 657 1
1144 483 1
1144 488 1
1144 654 -1
1145 484 1
1145 486 -1
1145 1303 -1
1146 484 1
1146 485 -1
1146 1300 -1
1147 484 1
1147 492 -1
1147 1301 1
1148 485 1
1148 486 -1
1148 1543 -1
1149 485 1
1149 490 -1
1149 695 -1
1150 485 1
1150 493 1
1150 1677 1
1151 485 1
1151 492 -1
1151 1402 1
1152 486 1
1152 489 -1
1152 1542 1
1153 486 1
1153 487 -1
1153 938 1
1154 487 1
1154 489 -1
1154 934 -1
1155 488 1
1155 491 1
1155 1502 1
1156 488 1
1156 493 -1
1156 1503 -1
1157 488 1
1157 494 1
1157 1263 -1
1158 490 1
1158 491 -1
1158 698 -1
1159 490 1
1159 493 1
1159 696 1
1160 491 1
1160 493 1
1160 1633 -1
1161 492 1
1161 493 1
1161 1401 -1
1162 493 1
1162 494 1
1162 1266 -1
1163 495 1
1163 501 -1
1163 1715 -1
1164 495 1
1164 500 1
1164 1012 -1
1165 495 1
1165 502 -1
1165 537 -1
1166 495 1
1166 497 -1
1166 1510 -1
1167 495 1
1167 503 1
1167 1411 -1
1168 495 1
1168 496 1
1168 1231 -1
1169 496 1
1169 499 1
1169 1233 -1
1170 496 1
1170 498 -1
1170 768 -1
1171 496 1
1171 497 1
1171 1232 -1
1172 496 1
1172 503 -1
1172 1238 1
1173 497 1
1173 502 -1
1173 541 1
1174 497 1
1174 500 1
1174 1016 -1
1175 497 1
1175 498 1
1175 769 1
1176 497 1
1176 503 1
1176 1412 1
1177 498 1
1177 499 1
1177 766 1
1178 498 1
1178 500 -1
1178 767 -1
1179 499 1
1179 500 1
1179 1013 1
1180 499 1
1180 501 -1
1180 1350 1
1181 500 1
1181 501 1
1181 1014 1
1182 500 1
1182 502 1
1182 538 -1
1183 504 1
1183 505 -1
1183 809 -1
1184 504 1
1184 507 1
1184 808 -1
1185 504 1
1185 508 1
1185 807 -1
1186 504 1
1186 511 1
1186 806 1
1187 504 1
1187 513 -1
1187 810 -1
1188 504 1
1188 509 1
1188 628 1
1189 505 1
1189 506 1
1189 1309 -1
1190 505 1
1190 507 1
1190 1137 1
1191 505 1
1191 509 1
1191 633 -1
1192 505 1
1192 513 -1
1192 1498 1
1193 505 1
1193 512 1
1193 1456 1
1194 506 1
1194 507 -1
1194 1135 -1
1195 506 1
1195 510 -1
1195 1310 -1
1196 506 1
1196 514 1
1196 1308 -1
1197 506 1
1197 515 1
1197 1047 1
1198 506 1
1198 512 -1
1198 1311 -1
1199 507 1
1199 508 -1
1199 1133 1
1200 507 1
1200 510 -1
1200 1134 1
1201 508 1
1201 510 -1
1201 1274 1
1202 509 1
1202 513 1
1202 630 -1
1203 510 1
1203 514 1
1203 1683 -1
1204 511 1
1204 513 1
1204 885 -1
1205 512 1
1205 513 1
1205 1459 1
1206 512 1
1206 515 1
1206 1045 1
1207 513 1
1207 516 1
1207 1176 -1
1208 515 1
1208 516 1
1208 1052 1
1209 517 1
1209 518 1
1209 658 -1
1210 517 1
1210 522 1
1210 1002 -1
1211 517 1
1211 519 -1
1211 1548 -1
1212 517 1
1212 521 1
1212 1065 -1
1213 517 1
1213 524 1
1213 1640 -1
1214 517 1
1214 520 1
1214 1536 -1
1215 518 1
1215 520 -1
1215 663 1
1216 518 1
1216 522 -1
1216 661 1
1217 518 1
1217 519 1
1217 662 1
1218 519 1
1218 521 1
1218 1069 1
1219 519 1
1219 522 1
1219 1004 1
1220 520 1
1220 523 1
1220 1427 -1
1221 520 1
1221 524 -1
1221 1538 1
1222 521 1
1222 524 -1
1222 1066 1
1223 521 1
1223 523 1
1223 1068 1
1224 523 1
1224 524 1
1224 1426 1
1225 525 1
1225 526 -1
1226 525 1
1226 528 1
1226 1375 -1
1227 525 1
1227 531 1
1227 1702 -1
1228 525 1
1228 527 1
1228 1621 -1
1229 525 1
1229 534 1
1229 1431 -1
1230 525 1
1230 535 -1
1230 1485 -1
1231 525 1
1231 529 1
1231 1150 -1
1232 526 1
1232 529 1
1232 1151 -1
1233 526 1
1233 528 1
1233 1376 -1
1234 527 1
1234 530 -1
1234 835 -1
1235 527 1
1235 528 -1
1235 1377 -1
1236 527 1
1236 531 -1
1236 1623 -1
1237 527 1
1237 534 -1
1237 1434 1
1238 527 1
1238 535 1
1238 1489 -1
1239 527 1
1239 532 1
1239 1624 -1
1240 528 1
1240 530 -1
1240 838 1
1241 528 1
1241 529 -1
1241 1152 -1
1242 529 1
1242 530 -1
1242 839 -1
1243 529 1
1243 533 -1
1243 1009 -1
1244 530 1
1244 532 1
1244 837 1
1245 530 1
1245 535 1
1245 842 -1
1246 530 1
1246 533 -1
1246 840 1
1247 532 1
1247 535 -1
1247 1486 -1
1248 533 1
1248 535 1
1248 1008 1
1249 534 1
1249 535 1
1249 1437 -1
1250 536 1
1250 537 -1
1251 536 1
1251 539 1
1251 1634 -1
1252 536 1
1252 543 -1
1252 1144 -1
1253 536 1
1253 542 1
1253 886 -1
1254 537 1
1254 538 1
1254 1012 -1
1255 537 1
1255 539 1
1255 1635 -1
1256 537 1
1256 542 1
1256 887 -1
1257 537 1
1257 541 1
1257 1510 -1
1258 538 1
1258 541 -1
1258 1016 -1
1259 538 1
1259 539 -1
1259 1015 1
1260 538 1
1260 543 1
1260 1017 -1
1261 538 1
1261 540 1
1261 767 1
1262 540 1
1262 541 1
1262 769 -1
1263 540 1
1263 543 -1
1263 773 -1
1264 541 1
1264 542 -1
1264 892 -1
1265 541 1
1265 543 1
1265 1149 -1
1266 542 1
1266 543 1
1266 895 1
1267 544 1
1267 546 1
1267 1685 -1
1268 544 1
1268 549 1
1268 1593 -1
1269 544 1
1269 547 -1
1269 1514 -1
1270 544 1
1270 545 1
1270 1327 -1
1271 544 1
1271 553 1
1271 1576 -1
1272 545 1
1272 546 -1
1272 1329 1
1273 545 1
1273 550 -1
1273 1335 1
1274 545 1
1274 552 -1
1274 1333 -1
1275 545 1
1275 548 -1
1275 1331 -1
1276 545 1
1276 547 1
1276 1328 -1
1277 545 1
1277 551 -1
1277 1337 -1
1278 546 1
1278 549 -1
1278 1596 -1
1279 546 1
1279 548 -1
1279 1592 1
1280 546 1
1280 550 -1
1280 1418 -1
1281 547 1
1281 549 1
1281 1516 1
1282 547 1
1282 548 1
1282 1515 1
1283 548 1
1283 549 -1
1283 1588 1
1284 548 1
1284 552 -1
1284 1590 1
1285 548 1
1285 550 -1
1285 1416 -1
1286 550 1
1286 552 -1
1286 1414 -1
1287 551 1
1287 553 -1
1287 1577 1
1288 554 1
1288 555 -1
1288 1213 1
1289 554 1
1289 556 -1
1289 1664 -1
1290 554 1
1290 557 -1
1290 1527 1
1291 554 1
1291 558 -1
1291 1628 -1
1292 555 1
1292 562 -1
1292 1212 -1
1293 555 1
1293 559 -1
1293 1214 -1
1294 556 1
1294 560 -1
1294 867 -1
1295 556 1
1295 557 -1
1295 1525 1
1296 556 1
1296 562 -1
1296 1656 -1
1297 556 1
1297 564 -1
1297 1420 -1
1298 556 1
1298 561 1
1298 1663 -1
1299 557 1
1299 560 -1
1299 870 -1
1300 557 1
1300 558 -1
1300 1528 -1
1301 558 1
1301 560 -1
1301 878 -1
1302 559 1
1302 565 -1
1302 1228 -1
1303 560 1
1303 561 1
1303 866 1
1304 560 1
1304 566 1
1304 832 -1
1305 560 1
1305 568 1
1305 865 -1
1306 560 1
1306 567 -1
1306 876 1
1307 561 1
1307 564 1
1307 1414 -1
1308 561 1
1308 566 -1
1308 826 1
1309 561 1
1309 563 1
1309 1638 1
1310 562 1
1310 564 -1
1310 1421 -1
1311 563 1
1311 566 1
1311 825 1
1312 565 1
1312 567 -1
1312 1227 1
1313 565 1
1313 568 1
1313 1229 -1
1314 565 1
1314 566 1
1314 833 -1
1315 566 1
1315 568 -1
1315 831 1
1316 567 1
1316 568 1
1316 1371 -1
1317 569 1
1317 572 -1
1317 1702 -1
1318 569 1
1318 570 -1
1319 569 1
1319 571 -1
1319 1583 -1
1320 569 1
1320 574 1
1320 634 -1
1321 569 1
1321 573 -1
1321 678 -1
1322 569 1
1322 578 1
1322 886 -1
1323 569 1
1323 579 1
1323 1431 -1
1324 569 1
1324 575 -1
1324 1621 -1
1325 570 1
1325 572 -1
1325 1703 -1
1326 570 1
1326 571 -1
1326 1584 -1
1327 571 1
1327 572 -1
1327 1585 -1
1328 571 1
1328 573 -1
1328 682 1
1329 571 1
1329 574 1
1329 639 1
1330 572 1
1330 573 -1
1330 685 -1
1331 572 1
1331 575 -1
1331 1623 -1
1332 572 1
1332 577 1
1332 1647 1
1333 572 1
1333 576 1
1333 1666 1
1334 573 1
1334 574 1
1334 638 -1
1335 573 1
1335 576 1
1335 681 1
1336 573 1
1336 578 1
1336 684 -1
1337 575 1
1337 579 1
1337 1434 -1
1338 575 1
1338 577 1
1338 1622 -1
1339 576 1
1339 578 -1
1339 888 -1
1340 576 1
1340 579 -1
1340 1438 -1
1341 576 1
1341 577 -1
1341 1648 1
1342 577 1
1342 579 -1
1342 1433 1
1343 578 1
1343 579 -1
1343 894 -1
1344 580 1
1344 582 1
1344 635 -1
1345 580 1
1345 581 -1
1346 580 1
1346 589 1
1346 1195 -1
1347 580 1
1347 583 -1
1347 1447 -1
1348 581 1
1348 582 1
1348 636 -1
1349 581 1
1349 584 1
1349 1584 -1
1350 581 1
1350 588 1
1350 1139 -1
1351 581 1
1351 587 1
1351 1475 -1
1352 581 1
1352 589 1
1352 1196 -1
1353 582 1
1353 584 -1
1353 639 1
1354 582 1
1354 585 -1
1354 638 -1
1355 582 1
1355 583 1
1355 637 -1
1356 583 1
1356 586 1
1356 722 1
1357 583 1
1357 585 1
1357 680 1
1358 583 1
1358 589 1
1358 1199 1
1359 583 1
1359 587 1
1359 1449 -1
1360 584 1
1360 585 -1
1360 682 -1
1361 584 1
1361 588 -1
1361 1143 -1
1362 584 1
1362 586 -1
1362 726 1
1363 585 1
1363 586 -1
1363 683 -1
1364 586 1
1364 588 -1
1364 719 1
1365 586 1
1365 587 -1
1365 718 1
1366 587 1
1366 588 -1
1366 1140 1
1367 587 1
1367 589 -1
1367 1197 1
1368 590 1
1368 592 1
1368 1343 -1
1369 590 1
1369 593 -1
1369 1460 -1
1370 590 1
1370 594 -1
1370 1470 -1
1371 590 1
1371 591 -1
1372 591 1
1372 592 1
1372 1344 -1
1373 591 1
1373 594 -1
1373 1471 -1
1374 591 1
1374 596 -1
1374 1032 -1
1375 591 1
1375 595 -1
1375 1541 -1
1376 592 1
1376 593 1
1376 1345 1
1377 592 1
1377 594 1
1377 1346 1
1378 592 1
1378 596 1
1378 1037 1
1379 592 1
1379 595 1
1379 1349 1
1380 593 1
1380 594 -1
1380 1462 1
1381 594 1
1381 596 -1
1381 1034 1
1382 595 1
1382 596 -1
1382 1038 -1
1383 597 1
1383 602 1
1383 1226 -1
1384 597 1
1384 598 1
1384 1704 -1
1385 597 1
1385 599 1
1385 1110 -1
1386 597 1
1386 600 1
1386 799 -1
1387 597 1
1387 603 -1
1387 665 -1
1388 598 1
1388 599 -1
1388 1111 -1
1389 598 1
1389 603 1
1389 672 -1
1390 598 1
1390 602 -1
1390 1228 -1
1391 599 1
1391 600 -1
1391 800 -1
1392 599 1
1392 601 1
1392 1112 1
1393 600 1
1393 601 1
1393 801 -1
1394 602 1
1394 603 1
1394 666 -1
1395 604 1
1395 606 -1
1395 1450 -1
1396 604 1
1396 609 1
1396 1452 -1
1397 604 1
1397 605 1
1397 1454 -1
1398 604 1
1398 617 1
1398 1453 1
1399 604 1
1399 612 1
1399 946 -1
1400 605 1
1400 610 -1
1400 1639 1
1401 605 1
1401 616 -1
1401 1618 -1
1402 605 1
1402 615 -1
1402 1683 -1
1403 605 1
1403 617 -1
1403 1684 1
1404 605 1
1404 608 1
1404 1644 -1
1405 606 1
1405 613 1
1405 827 -1
1406 606 1
1406 607 1
1406 995 1
1407 606 1
1407 609 1
1407 1513 1
1408 606 1
1408 612 1
1408 942 -1
1409 606 1
1409 617 1
1409 1659 1
1410 606 1
1410 608 -1
1410 1643 -1
1411 607 1
1411 613 -1
1411 829 1
1412 607 1
1412 609 -1
1412 994 1
1413 607 1
1413 616 -1
1413 996 1
1414 607 1
1414 610 -1
1414 998 1
1415 608 1
1415 610 1
1415 1637 -1
1416 608 1
1416 613 1
1416 824 1
1417 608 1
1417 617 1
1417 1645 -1
1418 609 1
1418 611 -1
1418 1056 -1
1419 610 1
1419 613 -1
1419 825 -1
1420 610 1
1420 616 -1
1420 1614 1
1421 612 1
1421 617 -1
1421 952 -1
1422 614 1
1422 615 -1
1422 751 1
1423 614 1
1423 616 -1
1423 754 -1
1424 615 1
1424 616 -1
1424 1615 -1
1425 618 1
1425 619 1
1425 1694 -1
1426 618 1
1426 624 1
1426 1095 -1
1427 618 1
1427 626 1
1427 1132 -1
1428 618 1
1428 621 -1
1428 1065 -1
1429 619 1
1429 620 -1
1429 1695 1
1430 619 1
1430 621 1
1430 1071 -1
1431 620 1
1431 622 1
1431 897 -1
1432 621 1
1432 623 1
1432 1070 -1
1433 621 1
1433 626 1
1433 1073 -1
1434 621 1
1434 625 1
1434 1072 -1
1435 623 1
1435 626 -1
1435 1138 -1
1436 623 1
1436 625 -1
1436 1306 -1
1437 624 1
1437 626 -1
1437 1100 1
1438 625 1
1438 626 -1
1438 1135 -1
1439 627 1
1439 629 -1
1439 879 -1
1440 627 1
1440 632 1
1440 913 -1
1441 627 1
1441 631 1
1441 1597 -1
1442 627 1
1442 633 -1
1442 1657 -1
1443 627 1
1443 628 1
1443 805 -1
1444 628 1
1444 629 1
1444 806 -1
1445 628 1
1445 630 1
1445 810 1
1446 628 1
1446 633 1
1446 809 1
1447 629 1
1447 630 -1
1447 885 1
1448 629 1
1448 632 1
1448 881 -1
1449 630 1
1449 632 1
1449 918 1
1450 630 1
1450 633 -1
1450 1498 -1
1451 630 1
1451 631 1
1451 1497 -1
1452 631 1
1452 632 -1
1452 919 -1
1453 631 1
1453 633 1
1453 1600 1
1454 634 1
1454 636 -1
1455 634 1
1455 635 -1
1456 634 1
1456 638 -1
1456 678 -1
1457 634 1
1457 639 1
1457 1583 -1
1458 635 1
1458 638 -1
1458 679 -1
1459 635 1
1459 636 -1
1460 635 1
1460 637 -1
1460 1447 -1
1461 636 1
1461 639 1
1461 1584 -1
1462 637 1
1462 638 -1
1462 680 1
1463 638 1
1463 639 1
1463 682 -1
1464 640 1
1464 647 1
1464 1578 -1
1465 640 1
1465 641 1
1465 1455 -1
1466 640 1
1466 642 1
1466 1658 -1
1467 640 1
1467 646 1
1467 1599 -1
1468 640 1
1468 645 1
1468 1171 -1
1469 640 1
1469 649 1
1469 1539 -1
1470 640 1
1470 648 1
1470 1696 -1
1471 641 1
1471 642 -1
1471 1456 1
1472 641 1
1472 644 -1
1472 1459 1
1473 642 1
1473 646 -1
1473 1600 -1
1474 642 1
1474 644 -1
1474 1498 -1
1475 643 1
1475 647 1
1475 929 -1
1476 643 1
1476 648 1
1476 924 1
1477 643 1
1477 649 1
1477 928 -1
1478 643 1
1478 645 1
1478 926 1
1479 644 1
1479 646 -1
1479 1497 1
1480 644 1
1480 645 -1
1480 1176 1
1481 645 1
1481 646 -1
1481 1180 1
1482 645 1
1482 649 -1
1482 1172 1
1483 647 1
1483 648 -1
1483 1580 1
1484 648 1
1484 649 -1
1484 1540 -1
1485 650 1
1485 652 1
1485 1116 -1
1486 650 1
1486 653 1
1486 1520 -1
1487 650 1
1487 654 -1
1487 1499 -1
1488 650 1
1488 656 1
1488 819 -1
1489 650 1
1489 657 1
1489 933 -1
1490 650 1
1490 651 1
1490 1440 -1
1491 651 1
1491 652 -1
1491 1118 1
1492 651 1
1492 655 1
1492 1093 1
1493 651 1
1493 657 -1
1493 940 1
1494 652 1
1494 653 -1
1494 1117 -1
1495 653 1
1495 654 1
1495 1501 1
1496 655 1
1496 657 1
1496 939 1
1497 656 1
1497 657 -1
1497 820 -1
1498 658 1
1498 659 -1
1499 658 1
1499 661 1
1499 1002 -1
1500 658 1
1500 663 1
1500 1536 -1
1501 658 1
1501 660 -1
1502 659 1
1502 660 -1
1503 659 1
1503 664 1
1503 728 -1
1504 659 1
1504 661 1
1504 1003 -1
1505 660 1
1505 663 1
1505 1537 -1
1506 660 1
1506 664 1
1506 729 -1
1507 661 1
1507 662 -1
1507 1004 1
1508 661 1
1508 664 -1
1508 732 1
1509 662 1
1509 664 -1
1509 731 -1
1510 665 1
1510 677 -1
1510 1032 -1
1511 665 1
1511 666 1
1511 1226 -1
1512 666 1
1512 672 -1
1512 1228 1
1513 666 1
1513 676 1
1513 833 -1
1514 666 1
1514 670 -1
1514 1229 -1
1515 666 1
1515 667 -1
1515 1227 1
1516 666 1
1516 677 1
1516 1042 -1
1517 667 1
1517 670 -1
1517 1371 -1
1518 667 1
1518 668 -1
1518 712 1
1519 667 1
1519 674 -1
1519 1391 1
1520 667 1
1520 677 1
1520 1041 -1
1521 668 1
1521 670 -1
1521 714 -1
1522 668 1
1522 671 1
1522 709 1
1523 668 1
1523 669 -1
1523 701 -1
1524 668 1
1524 673 -1
1524 710 1
1525 668 1
1525 677 1
1525 713 -1
1526 668 1
1526 674 -1
1526 715 -1
1527 669 1
1527 671 1
1527 700 -1
1528 669 1
1528 675 1
1528 702 -1
1529 669 1
1529 673 -1
1529 695 1
1530 670 1
1530 676 1
1530 831 1
1531 670 1
1531 671 1
1531 904 1
1532 671 1
1532 675 -1
1532 900 1
1533 671 1
1533 676 -1
1533 828 1
1534 674 1
1534 677 1
1534 1040 -1
1535 675 1
1535 676 -1
1535 824 -1
1536 678 1
1536 679 -1
1537 678 1
1537 684 1
1537 886 -1
1538 679 1
1538 680 1
1538 1447 -1
1539 679 1
1539 684 1
1539 887 -1
1540 680 1
1540 683 1
1540 722 -1
1541 680 1
1541 684 -1
1541 889 -1
1542 680 1
1542 681 1
1542 1448 1
1543 681 1
1543 684 1
1543 888 1
1544 681 1
1544 683 -1
1544 717 1
1545 681 1
1545 685 -1
1545 1666 -1
1546 682 1
1546 683 1
1546 726 1
1547 682 1
1547 685 1
1547 1585 1
1548 683 1
1548 685 -1
1548 725 -1
1549 686 1
1549 688 1
1549 1694 -1
1550 686 1
1550 693 1
1550 1065 -1
1551 686 1
1551 692 1
1551 1548 -1
1552 686 1
1552 694 1
1552 1002 -1
1553 686 1
1553 687 -1
1554 687 1
1554 690 1
1554 799 -1
1555 687 1
1555 694 1
1555 1003 -1
1556 687 1
1556 692 1
1556 1549 -1
1557 688 1
1557 693 -1
1557 1071 -1
1558 688 1
1558 692 -1
1558 1551 -1
1559 688 1
1559 689 -1
1559 1695 1
1560 689 1
1560 691 -1
1560 1112 -1
1561 689 1
1561 690 -1
1561 801 1
1562 690 1
1562 691 -1
1562 800 1
1563 690 1
1563 692 -1
1563 803 -1
1564 692 1
1564 693 -1
1564 1069 -1
1565 692 1
1565 694 -1
1565 1004 -1
1566 695 1
1566 696 -1
1566 1677 1
1567 695 1
1567 701 -1
1567 710 -1
1568 695 1
1568 697 -1
1568 1395 -1
1569 696 1
1569 698 1
1569 1633 1
1570 696 1
1570 697 -1
1570 1399 1
1571 696 1
1571 700 1
1571 912 -1
1572 696 1
1572 702 1
1572 1645 1
1573 696 1
1573 704 1
1573 1684 1
1574 696 1
1574 703 1
1574 1706 -1
1575 697 1
1575 701 -1
1575 708 1
1576 697 1
1576 700 1
1576 906 -1
1577 698 1
1577 703 -1
1577 1632 -1
1578 699 1
1578 703 1
1578 896 1
1579 699 1
1579 704 1
1579 898 -1
1580 699 1
1580 705 1
1580 899 -1
1581 700 1
1581 701 1
1581 709 1
1582 700 1
1582 702 -1
1582 900 1
1583 702 1
1583 704 -1
1583 1644 1
1584 702 1
1584 705 -1
1584 1637 1
1585 703 1
1585 704 -1
1585 1682 1
1586 704 1
1586 705 -1
1586 1639 1
1587 706 1
1587 711 1
1587 1281 1
1588 706 1
1588 714 1
1588 1374 1
1589 706 1
1589 707 -1
1589 1619 -1
1590 706 1
1590 708 1
1590 1398 1
1591 706 1
1591 713 1
1591 1036 1
1592 706 1
1592 715 1
1592 1392 1
1593 706 1
1593 712 1
1593 1611 1
1594 707 1
1594 708 1
1594 1394 -1
1595 707 1
1595 714 1
1595 1373 1
1596 707 1
1596 709 -1
1596 901 1
1597 708 1
1597 710 1
1597 1395 -1
1598 708 1
1598 709 1
1598 906 1
1599 709 1
1599 714 1
1599 904 -1
1600 711 1
1600 714 -1
1600 1279 -1
1601 711 1
1601 712 -1
1601 1282 1
1602 712 1
1602 714 -1
1602 1371 1
1603 712 1
1603 715 -1
1603 1391 -1
1604 713 1
1604 715 -1
1604 1040 -1
1605 716 1
1605 717 1
1605 1665 -1
1606 716 1
1606 722 1
1606 1447 -1
1607 716 1
1607 721 1
1607 953 -1
1608 717 1
1608 721 -1
1608 957 -1
1609 717 1
1609 722 -1
1609 1448 -1
1610 717 1
1610 725 -1
1610 1666 1
1611 717 1
1611 723 -1
1611 1648 1
1612 717 1
1612 727 1
1612 1530 -1
1613 718 1
1613 724 1
1613 1197 1
1614 718 1
1614 720 1
1614 1019 -1
1615 718 1
1615 719 -1
1615 1140 1
1616 718 1
1616 722 -1
1616 1449 -1
1617 719 1
1617 720 1
1617 1021 -1
1618 719 1
1618 725 -1
1618 1142 1
1619 719 1
1619 726 1
1619 1143 1
1620 720 1
1620 724 -1
1620 1020 -1
1621 720 1
1621 721 1
1621 954 -1
1622 721 1
1622 724 1
1622 956 1
1623 721 1
1623 722 -1
1623 960 1
1624 722 1
1624 724 1
1624 1199 -1
1625 723 1
1625 725 -1
1625 1647 1
1626 725 1
1626 726 1
1626 1585 -1
1627 728 1
1627 732 -1
1627 1003 -1
1628 728 1
1628 729 -1
1629 728 1
1629 733 1
1629 1239 -1
1630 728 1
1630 730 1
1630 1667 -1
1631 728 1
1631 734 1
1631 799 -1
1632 728 1
1632 731 1
1632 1549 -1
1633 729 1
1633 733 1
1633 1240 -1
1634 730 1
1634 733 -1
1634 1242 1
1635 730 1
1635 734 -1
1635 802 -1
1636 730 1
1636 731 -1
1636 1550 1
1637 731 1
1637 732 1
1637 1004 -1
1638 731 1
1638 734 -1
1638 803 1
1639 735 1
1639 739 -1
1639 1406 -1
1640 735 1
1640 740 1
1640 1407 -1
1641 735 1
1641 744 1
1641 1408 -1
1642 735 1
1642 745 1
1642 1219 1
1643 735 1
1643 748 -1
1643 1237 1
1644 736 1
1644 740 1
1644 795 1
1645 736 1
1645 741 -1
1645 794 1
1646 736 1
1646 743 1
1646 798 1
1647 736 1
1647 737 -1
1647 788 -1
1648 736 1
1648 738 1
1648 789 -1
1649 736 1
1649 746 1
1649 791 -1
1650 736 1
1650 744 1
1650 796 1
1651 737 1
1651 738 1
1651 1357 -1
1652 737 1
1652 743 1
1652 1362 1
1653 738 1
1653 746 -1
1653 1249 -1
1654 738 1
1654 747 1
1654 1478 -1
1655 740 1
1655 744 -1
1655 1511 1
1656 741 1
1656 743 1
1656 1529 1
1657 742 1
1657 747 1
1657 1479 -1
1658 742 1
1658 748 1
1658 1232 1
1659 744 1
1659 745 -1
1659 1217 -1
1660 744 1
1660 747 1
1660 1482 -1
1661 744 1
1661 746 -1
1661 1251 -1
1662 745 1
1662 748 1
1662 1225 -1
1663 745 1
1663 749 1
1663 1223 -1
1664 745 1
1664 747 1
1664 1224 -1
1665 746 1
1665 747 1
1665 1255 1
1666 747 1
1666 748 -1
1666 1236 -1
1667 747 1
1667 749 -1
1667 1483 -1
1668 748 1
1668 749 -1
1668 1235 -1
1669 750 1
1669 752 1
1669 1273 -1
1670 750 1
1670 751 -1
1670 1688 -1
1671 750 1
1671 755 1
1671 1700 -1
1672 750 1
1672 753 -1
1672 1672 -1
1673 751 1
1673 754 1
1673 1615 -1
1674 751 1
1674 755 1
1674 1689 -1
1675 751 1
1675 752 1
1675 1274 1
1676 752 1
1676 753 1
1676 1275 1
1677 753 1
1677 755 1
1677 1673 1
1678 753 1
1678 754 1
1678 1617 -1
1679 754 1
1679 755 -1
1679 1613 -1
1680 756 1
1680 761 1
1680 1354 -1
1681 756 1
1681 763 -1
1681 1602 -1
1682 756 1
1682 758 -1
1682 1699 -1
1683 756 1
1683 757 -1
1683 1163 -1
1684 756 1
1684 765 1
1684 776 -1
1685 756 1
1685 762 -1
1685 853 -1
1686 757 1
1686 758 -1
1686 1164 1
1687 757 1
1687 759 1
1687 1165 -1
1688 757 1
1688 760 -1
1688 1168 -1
1689 757 1
1689 764 1
1689 774 -1
1690 757 1
1690 762 -1
1690 859 -1
1691 757 1
1691 765 1
1691 779 1
1692 758 1
1692 763 -1
1692 1604 1
1693 758 1
1693 759 1
1693 1480 1
1694 759 1
1694 760 1
1694 1236 1
1695 759 1
1695 763 1
1695 1483 1
1696 760 1
1696 763 -1
1696 1235 -1
1697 760 1
1697 761 1
1697 1234 1
1698 760 1
1698 764 1
1698 768 1
1699 761 1
1699 764 -1
1699 771 1
1700 761 1
1700 762 1
1700 857 -1
1701 762 1
1701 764 1
1701 770 -1
1702 762 1
1702 765 1
1702 777 -1
1703 766 1
1703 768 -1
1703 1233 1
1704 766 1
1704 767 1
1704 1013 -1
1705 766 1
1705 770 1
1705 854 -1
1706 766 1
1706 771 1
1706 1351 1
1707 767 1
1707 769 1
1707 1016 1
1708 767 1
1708 773 1
1708 1017 1
1709 768 1
1709 769 -1
1709 1232 -1
1710 768 1
1710 771 1
1710 1234 -1
1711 768 1
1711 774 1
1711 1168 -1
1712 768 1
1712 772 1
1712 1236 -1
1713 769 1
1713 772 1
1713 1479 -1
1714 769 1
1714 773 -1
1714 1149 -1
1715 770 1
1715 773 1
1715 858 -1
1716 770 1
1716 771 -1
1716 857 -1
1717 770 1
1717 774 -1
1717 859 1
1718 770 1
1718 772 -1
1718 860 -1
1719 772 1
1719 774 -1
1719 1165 1
1720 775 1
1720 776 -1
1721 775 1
1721 778 1
1721 1532 -1
1722 775 1
1722 777 -1
1722 852 -1
1723 776 1
1723 777 -1
1723 853 -1
1724 776 1
1724 779 1
1724 1163 -1
1725 776 1
1725 780 1
1725 1285 -1
1726 777 1
1726 778 1
1726 856 -1
1727 777 1
1727 779 1
1727 859 1
1728 778 1
1728 779 -1
1728 1169 1
1729 781 1
1729 784 1
1729 1567 -1
1730 781 1
1730 782 -1
1731 781 1
1731 785 1
1731 1574 -1
1732 781 1
1732 786 1
1732 1707 -1
1733 782 1
1733 785 1
1733 1576 -1
1734 782 1
1734 784 1
1734 1568 -1
1735 782 1
1735 787 1
1735 1712 -1
1736 782 1
1736 783 1
1736 1685 -1
1737 783 1
1737 784 -1
1737 1570 -1
1738 783 1
1738 787 -1
1738 1686 1
1739 784 1
1739 787 -1
1739 1569 1
1740 785 1
1740 786 -1
1740 1577 -1
1741 788 1
1741 792 -1
1741 1358 1
1742 788 1
1742 790 -1
1742 943 1
1743 788 1
1743 793 1
1743 1359 1
1744 788 1
1744 791 -1
1744 1250 -1
1745 788 1
1745 789 -1
1745 1357 1
1746 788 1
1746 798 1
1746 1362 -1
1747 788 1
1747 794 1
1747 1360 -1
1748 789 1
1748 791 -1
1748 1249 -1
1749 790 1
1749 792 -1
1749 941 -1
1750 790 1
1750 797 1
1750 946 1
1751 790 1
1751 793 1
1751 942 1
1752 791 1
1752 793 1
1752 1248 -1
1753 791 1
1753 795 1
1753 1253 1
1754 791 1
1754 796 1
1754 1251 1
1755 792 1
1755 794 1
1755 1363 1
1756 792 1
1756 797 1
1756 1365 -1
1757 793 1
1757 795 -1
1757 1513 -1
1758 793 1
1758 797 -1
1758 1450 -1
1759 794 1
1759 798 -1
1759 1529 1
1760 794 1
1760 797 -1
1760 1451 1
1761 795 1
1761 796 -1
1761 1511 -1
1762 795 1
1762 797 -1
1762 1452 -1
1763 799 1
1763 800 1
1763 1110 -1
1764 799 1
1764 803 -1
1764 1549 -1
1765 799 1
1765 802 1
1765 1667 -1
1766 800 1
1766 801 1
1766 1112 1
1767 802 1
1767 803 1
1767 1550 1
1768 802 1
1768 804 -1
1768 1630 -1
1769 805 1
1769 807 1
1769 1273 -1
1770 805 1
1770 806 -1
1770 879 -1
1771 805 1
1771 809 1
1771 1657 -1
1772 805 1
1772 808 1
1772 1132 -1
1773 806 1
1773 807 1
1773 884 -1
1774 806 1
1774 810 1
1774 885 1
1775 807 1
1775 808 -1
1775 1133 -1
1776 808 1
1776 809 -1
1776 1137 1
1777 811 1
1777 812 -1
1778 811 1
1778 814 -1
1778 1625 -1
1779 811 1
1779 815 -1
1779 1607 -1
1780 811 1
1780 813 1
1780 1670 -1
1781 812 1
1781 813 1
1781 1671 -1
1782 812 1
1782 817 -1
1782 1668 -1
1783 812 1
1783 814 -1
1783 1626 -1
1784 813 1
1784 815 1
1784 1610 -1
1785 813 1
1785 817 1
1785 1669 -1
1786 813 1
1786 816 -1
1786 1390 -1
1787 814 1
1787 817 -1
1787 1629 -1
1788 814 1
1788 818 -1
1788 1283 -1
1789 814 1
1789 815 -1
1789 1609 1
1790 815 1
1790 816 1
1790 1391 -1
1791 815 1
1791 818 -1
1791 1282 -1
1792 815 1
1792 817 -1
1792 1608 -1
1793 816 1
1793 817 1
1793 1387 1
1794 817 1
1794 818 -1
1794 1277 1
1795 819 1
1795 820 -1
1795 933 -1
1796 820 1
1796 823 1
1796 936 -1
1797 820 1
1797 821 1
1797 935 -1
1798 821 1
1798 822 -1
1798 1007 1
1799 821 1
1799 823 -1
1799 1162 -1
1800 824 1
1800 827 1
1800 1643 -1
1801 824 1
1801 830 1
1801 1254 1
1802 824 1
1802 832 1
1802 868 1
1803 824 1
1803 831 -1
1803 1372 1
1804 824 1
1804 828 1
1804 900 -1
1805 824 1
1805 825 -1
1805 1637 1
1806 825 1
1806 826 1
1806 1638 -1
1807 825 1
1807 829 1
1807 998 -1
1808 826 1
1808 829 -1
1808 993 1
1809 826 1
1809 830 -1
1809 1256 1
1810 826 1
1810 832 -1
1810 866 -1
1811 827 1
1811 830 -1
1811 1248 1
1812 827 1
1812 829 -1
1812 995 1
1813 828 1
1813 831 1
1813 904 -1
1814 829 1
1814 830 -1
1814 991 1
1815 830 1
1815 832 -1
1815 873 1
1816 831 1
1816 832 1
1816 865 -1
1817 831 1
1817 833 1
1817 1229 -1
1818 834 1
1818 837 -1
1818 1646 1
1819 834 1
1819 836 -1
1819 963 1
1820 834 1
1820 838 1
1820 1378 -1
1821 834 1
1821 835 -1
1821 1622 -1
1822 835 1
1822 837 -1
1822 1624 -1
1823 835 1
1823 838 1
1823 1377 -1
1824 836 1
1824 837 -1
1824 964 -1
1825 836 1
1825 840 -1
1825 966 -1
1826 837 1
1826 842 1
1826 1486 1
1827 837 1
1827 841 1
1827 1468 1
1828 839 1
1828 840 -1
1828 1009 -1
1829 840 1
1829 841 1
1829 1006 -1
1830 840 1
1830 842 1
1830 1008 1
1831 841 1
1831 842 -1
1831 1466 1
1832 843 1
1832 844 -1
1833 843 1
1833 849 1
1833 1536 -1
1834 843 1
1834 850 -1
1834 1640 -1
1835 843 1
1835 847 -1
1835 1657 -1
1836 844 1
1836 849 1
1836 1537 -1
1837 844 1
1837 847 -1
1837 1658 -1
1838 844 1
1838 846 1
1838 1455 -1
1839 844 1
1839 851 1
1839 1578 -1
1840 844 1
1840 845 1
1840 1188 -1
1841 845 1
1841 849 -1
1841 1189 1
1842 845 1
1842 850 1
1842 1191 -1
1843 845 1
1843 848 -1
1843 1190 -1
1844 845 1
1844 846 -1
1844 1193 -1
1845 845 1
1845 851 -1
1845 1192 -1
1846 846 1
1846 848 -1
1846 1429 -1
1847 846 1
1847 851 -1
1847 1458 1
1848 847 1
1848 850 -1
1848 1642 -1
1849 848 1
1849 850 1
1849 1426 -1
1850 849 1
1850 850 1
1850 1538 1
1851 852 1
1851 857 1
1851 1352 -1
1852 852 1
1852 853 -1
1853 852 1
1853 856 1
1853 1532 -1
1854 852 1
1854 858 1
1854 1144 -1
1855 853 1
1855 857 1
1855 1354 -1
1856 854 1
1856 855 -1
1856 1350 -1
1857 854 1
1857 857 -1
1857 1351 1
1858 855 1
1858 857 -1
1858 1355 -1
1859 856 1
1859 858 -1
1859 1147 -1
1860 856 1
1860 860 -1
1860 1481 1
1861 856 1
1861 859 1
1861 1169 1
1862 859 1
1862 860 1
1862 1165 -1
1863 861 1
1863 872 1
1863 1668 -1
1864 861 1
1864 871 1
1864 1544 -1
1865 861 1
1865 864 1
1865 1514 -1
1866 861 1
1866 863 1
1866 1593 -1
1867 861 1
1867 870 1
1867 1524 -1
1868 861 1
1868 878 1
1868 1626 -1
1869 861 1
1869 869 1
1869 1276 -1
1870 862 1
1870 864 1
1870 1515 -1
1871 862 1
1871 866 1
1871 1590 -1
1872 862 1
1872 867 1
1872 1589 -1
1873 862 1
1873 863 1
1873 1588 -1
1874 863 1
1874 864 -1
1874 1516 1
1875 863 1
1875 870 -1
1875 1526 1
1876 863 1
1876 867 -1
1876 1594 -1
1877 864 1
1877 866 -1
1877 1518 -1
1878 864 1
1878 873 1
1878 1258 -1
1879 864 1
1879 875 -1
1879 982 1
1880 864 1
1880 874 1
1880 1517 -1
1881 865 1
1881 872 1
1881 1369 -1
1882 865 1
1882 869 1
1882 1279 1
1883 865 1
1883 876 1
1883 1371 -1
1884 865 1
1884 868 1
1884 1372 -1
1885 865 1
1885 873 -1
1885 1257 1
1886 865 1
1886 875 1
1886 980 1
1887 865 1
1887 877 -1
1887 1170 1
1888 865 1
1888 871 1
1888 1370 1
1889 866 1
1889 873 1
1889 1256 1
1890 866 1
1890 867 -1
1890 1663 1
1891 867 1
1891 870 -1
1891 1525 1
1892 868 1
1892 873 1
1892 1254 -1
1893 869 1
1893 872 -1
1893 1277 1
1894 869 1
1894 876 -1
1894 1282 -1
1895 869 1
1895 878 -1
1895 1283 -1
1896 870 1
1896 878 -1
1896 1528 -1
1897 871 1
1897 872 -1
1897 1545 1
1898 871 1
1898 877 1
1898 1166 -1
1899 873 1
1899 875 1
1899 976 1
1900 874 1
1900 877 -1
1900 1164 -1
1901 874 1
1901 875 1
1901 978 -1
1902 875 1
1902 877 1
1902 975 1
1903 876 1
1903 878 -1
1903 1609 1
1904 879 1
1904 880 1
1904 1491 -1
1905 879 1
1905 881 1
1905 913 -1
1906 879 1
1906 884 1
1906 1273 -1
1907 880 1
1907 881 -1
1907 917 -1
1908 880 1
1908 882 1
1908 1342 -1
1909 880 1
1909 883 1
1909 1103 1
1910 881 1
1910 883 1
1910 916 -1
1911 881 1
1911 882 1
1911 915 1
1912 881 1
1912 885 1
1912 918 1
1913 882 1
1913 883 -1
1913 1102 1
1914 886 1
1914 887 -1
1915 886 1
1915 895 1
1915 1144 -1
1916 886 1
1916 894 -1
1916 1431 -1
1917 887 1
1917 892 1
1917 1510 -1
1918 887 1
1918 889 1
1918 1447 -1
1919 887 1
1919 888 1
1919 1665 -1
1920 887 1
1920 893 1
1920 953 -1
1921 887 1
1921 891 1
1921 1411 -1
1922 888 1
1922 889 -1
1922 1448 -1
1923 888 1
1923 893 -1
1923 957 -1
1924 888 1
1924 891 -1
1924 1413 -1
1925 888 1
1925 890 1
1925 1556 -1
1926 888 1
1926 894 1
1926 1438 -1
1927 890 1
1927 894 -1
1927 1435 1
1928 891 1
1928 893 -1
1928 958 -1
1929 894 1
1929 895 1
1929 1148 1
1930 896 1
1930 898 1
1930 1682 -1
1931 898 1
1931 899 -1
1931 1639 1
1932 900 1
1932 904 -1
1932 1372 1
1933 900 1
1933 908 1
1933 1254 1
1934 900 1
1934 902 -1
1934 1643 -1
1935 900 1
1935 903 1
1935 949 1
1936 900 1
1936 912 1
1936 1645 1
1937 901 1
1937 906 1
1937 1394 1
1938 901 1
1938 903 1
1938 950 1
1939 901 1
1939 905 1
1939 1075 1
1940 901 1
1940 909 1
1940 1208 1
1941 901 1
1941 904 -1
1941 1373 -1
1942 902 1
1942 908 1
1942 1248 -1
1943 902 1
1943 903 1
1943 942 1
1944 903 1
1944 906 -1
1944 951 1
1945 903 1
1945 905 -1
1945 947 1
1946 903 1
1946 910 1
1946 944 -1
1947 903 1
1947 908 -1
1947 945 1
1948 903 1
1948 912 -1
1948 952 1
1949 903 1
1949 907 -1
1949 941 -1
1950 904 1
1950 909 1
1950 1207 -1
1951 904 1
1951 905 1
1951 1081 1
1952 904 1
1952 911 1
1952 980 1
1953 904 1
1953 908 1
1953 1257 1
1954 905 1
1954 909 -1
1954 1077 1
1955 905 1
1955 911 -1
1955 974 -1
1956 905 1
1956 910 1
1956 1076 1
1957 906 1
1957 907 -1
1957 1368 1
1958 906 1
1958 912 -1
1958 1399 -1
1959 907 1
1959 912 -1
1959 1367 1
1960 908 1
1960 910 1
1960 1249 1
1961 908 1
1961 911 -1
1961 976 -1
1962 910 1
1962 911 1
1962 973 1
1963 913 1
1963 917 1
1963 1491 -1
1964 913 1
1964 915 1
1964 1340 -1
1965 913 1
1965 914 -1
1966 913 1
1966 919 1
1966 1597 -1
1967 914 1
1967 919 1
1967 1598 -1
1968 914 1
1968 915 1
1968 1341 -1
1969 914 1
1969 916 -1
1969 1101 -1
1970 914 1
1970 921 1
1970 953 -1
1971 914 1
1971 918 1
1971 1496 -1
1972 915 1
1972 916 1
1972 1102 -1
1973 915 1
1973 917 -1
1973 1342 1
1974 916 1
1974 918 1
1974 1107 1
1975 916 1
1975 920 1
1975 1108 1
1976 916 1
1976 921 1
1976 961 1
1977 918 1
1977 919 -1
1977 1497 1
1978 918 1
1978 920 -1
1978 1176 1
1979 918 1
1979 921 -1
1979 962 -1
1980 920 1
1980 921 -1
1980 955 1
1981 922 1
1981 929 -1
1981 1184 1
1982 922 1
1982 926 1
1982 1174 -1
1983 922 1
1983 923 -1
1983 1043 1
1984 922 1
1984 930 1
1984 1186 1
1985 922 1
1985 925 1
1985 1181 1
1986 923 1
1986 926 1
1986 1052 -1
1987 923 1
1987 931 1
1987 1053 -1
1988 923 1
1988 930 1
1988 1049 1
1989 924 1
1989 927 1
1989 1262 1
1990 924 1
1990 925 -1
1990 1697 1
1991 924 1
1991 929 1
1991 1580 1
1992 924 1
1992 928 1
1992 1540 1
1993 924 1
1993 926 -1
1993 1173 -1
1994 924 1
1994 930 -1
1994 1698 1
1995 925 1
1995 929 1
1995 1579 -1
1996 925 1
1996 927 1
1996 1264 1
1997 925 1
1997 930 -1
1997 1705 1
1998 926 1
1998 928 1
1998 1172 -1
1999 926 1
1999 931 -1
1999 1175 -1
2000 926 1
2000 930 -1
2000 1178 -1
2001 927 1
2001 930 1
2001 1266 -1
2002 930 1
2002 931 -1
2002 1453 1
2003 932 1
2003 937 1
2003 1291 -1
2004 932 1
2004 934 -1
2004 1716 -1
2005 932 1
2005 938 -1
2005 1541 -1
2006 932 1
2006 939 1
2006 1091 -1
2007 932 1
2007 940 -1
2007 1439 -1
2008 932 1
2008 933 -1
2009 933 1
2009 936 1
2009 1380 -1
2010 933 1
2010 937 1
2010 1292 -1
2011 933 1
2011 940 -1
2011 1440 -1
2012 934 1
2012 937 1
2012 1294 -1
2013 934 1
2013 936 1
2013 1382 1
2014 934 1
2014 935 1
2014 1160 1
2015 934 1
2015 938 -1
2015 1542 1
2016 935 1
2016 936 -1
2016 1162 -1
2017 936 1
2017 937 -1
2017 1293 1
2018 938 1
2018 939 1
2018 1092 1
2019 939 1
2019 940 1
2019 1093 -1
2020 941 1
2020 943 -1
2020 1358 1
2021 941 1
2021 948 1
2021 1364 -1
2022 941 1
2022 951 1
2022 1368 1
2023 941 1
2023 952 1
2023 1367 -1
2024 941 1
2024 946 1
2024 1365 1
2025 942 1
2025 946 -1
2025 1450 1
2026 942 1
2026 943 1
2026 1359 -1
2027 942 1
2027 945 -1
2027 1248 1
2028 942 1
2028 949 -1
2028 1643 -1
2029 942 1
2029 952 -1
2029 1659 1
2030 943 1
2030 945 1
2030 1250 1
2031 943 1
2031 944 -1
2031 1357 -1
2032 943 1
2032 948 1
2032 1361 -1
2033 944 1
2033 945 1
2033 1249 1
2034 944 1
2034 947 1
2034 1076 1
2035 944 1
2035 948 1
2035 1508 1
2036 946 1
2036 952 -1
2036 1453 1
2037 947 1
2037 948 -1
2037 1078 1
2038 947 1
2038 950 -1
2038 1075 1
2039 948 1
2039 951 -1
2039 1396 -1
2040 948 1
2040 950 -1
2040 1506 1
2041 949 1
2041 952 -1
2041 1645 -1
2042 950 1
2042 951 -1
2042 1394 -1
2043 953 1
2043 958 1
2043 1411 -1
2044 953 1
2044 957 1
2044 1665 -1
2045 953 1
2045 960 1
2045 1447 -1
2046 953 1
2046 956 1
2046 1195 -1
2047 953 1
2047 962 1
2047 1496 -1
2048 953 1
2048 961 1
2048 1101 -1
2049 954 1
2049 956 1
2049 1020 -1
2050 954 1
2050 955 -1
2050 1023 -1
2051 955 1
2051 956 1
2051 1177 1
2052 955 1
2052 961 1
2052 1108 -1
2053 955 1
2053 962 1
2053 1176 1
2054 956 1
2054 960 -1
2054 1199 1
2055 956 1
2055 962 -1
2055 1200 1
2056 957 1
2056 958 -1
2056 1413 -1
2057 958 1
2057 959 1
2057 1063 -1
2058 958 1
2058 961 -1
2058 1109 -1
2059 959 1
2059 961 1
2059 1059 -1
2060 963 1
2060 964 -1
2060 1646 -1
2061 964 1
2061 965 1
2061 1403 -1
2062 965 1
2062 968 -1
2062 1401 -1
2063 967 1
2063 968 1
2063 1266 1
2064 967 1
2064 969 1
2064 1262 -1
2065 968 1
2065 969 -1
2065 1698 1
2066 969 1
2066 970 -1
2066 1540 -1
2067 971 1
2067 973 -1
2067 1478 1
2068 971 1
2068 972 -1
2068 1477 -1
2069 971 1
2069 981 1
2069 1481 -1
2070 971 1
2070 975 -1
2070 1165 -1
2071 971 1
2071 978 1
2071 1480 1
2072 971 1
2072 982 1
2072 1484 -1
2073 971 1
2073 976 -1
2073 1255 -1
2074 972 1
2074 973 -1
2074 1587 1
2075 972 1
2075 974 -1
2075 1074 -1
2076 972 1
2076 977 1
2076 1209 1
2077 972 1
2077 975 -1
2077 1167 -1
2078 972 1
2078 981 1
2078 1534 1
2079 973 1
2079 976 -1
2079 1249 -1
2080 973 1
2080 974 -1
2080 1076 -1
2081 974 1
2081 980 -1
2081 1081 1
2082 974 1
2082 977 1
2082 1077 1
2083 975 1
2083 981 1
2083 1169 -1
2084 975 1
2084 979 1
2084 1166 1
2085 975 1
2085 980 -1
2085 1170 1
2086 975 1
2086 978 1
2086 1164 -1
2087 976 1
2087 982 1
2087 1258 1
2088 976 1
2088 980 -1
2088 1257 1
2089 977 1
2089 979 -1
2089 1202 -1
2090 977 1
2090 980 1
2090 1207 1
2091 978 1
2091 982 -1
2091 1517 -1
2092 979 1
2092 980 1
2092 1370 -1
2093 983 1
2093 985 1
2093 1532 -1
2094 983 1
2094 984 -1
2094 1423 -1
2095 983 1
2095 986 1
2095 1605 -1
2096 983 1
2096 988 1
2096 1441 -1
2097 984 1
2097 986 1
2097 1424 1
2098 985 1
2098 987 -1
2098 1533 1
2099 986 1
2099 988 -1
2099 1444 1
2100 986 1
2100 989 1
2100 1322 -1
2101 987 1
2101 989 1
2101 1324 -1
2102 987 1
2102 988 -1
2102 1442 1
2103 988 1
2103 989 1
2103 1320 -1
2104 990 1
2104 999 -1
2104 1128 1
2105 990 1
2105 994 1
2105 1512 1
2106 990 1
2106 992 1
2106 1710 1
2107 990 1
2107 991 -1
2107 1252 -1
2108 990 1
2108 1000 1
2108 1332 -1
2109 990 1
2109 997 1
2109 1422 -1
2110 991 1
2110 992 1
2110 1251 1
2111 991 1
2111 994 1
2111 1253 1
2112 991 1
2112 995 1
2112 1248 -1
2113 991 1
2113 993 1
2113 1256 -1
2114 991 1
2114 1001 -1
2114 1258 1
2115 991 1
2115 1000 1
2115 1259 -1
2116 992 1
2116 994 -1
2116 1511 1
2117 993 1
2117 997 -1
2117 1414 -1
2118 993 1
2118 996 -1
2118 1616 -1
2119 993 1
2119 998 -1
2119 1638 1
2120 993 1
2120 1001 1
2120 1518 -1
2121 993 1
2121 1000 -1
2121 1333 -1
2122 994 1
2122 995 -1
2122 1513 1
2123 996 1
2123 998 -1
2123 1614 -1
2124 996 1
2124 997 -1
2124 1419 -1
2125 996 1
2125 999 1
2125 1125 -1
2126 997 1
2126 999 1
2126 1123 1
2127 997 1
2127 1000 -1
2127 1335 1
2128 1000 1
2128 1001 1
2128 1328 1
2129 1002 1
2129 1003 -1
2130 1002 1
2130 1004 1
2130 1548 -1
2131 1003 1
2131 1004 1
2131 1549 -1
2132 1005 1
2132 1009 1
2132 1151 -1
2133 1005 1
2133 1011 1
2133 1261 -1
2134 1006 1
2134 1007 -1
2134 1158 1
2135 1006 1
2135 1010 1
2135 1383 -1
2136 1006 1
2136 1008 1
2136 1466 1
2137 1008 1
2137 1010 -1
2137 1384 -1
2138 1012 1
2138 1015 1
2138 1635 -1
2139 1012 1
2139 1014 1
2139 1715 -1
2140 1013 1
2140 1014 -1
2140 1350 -1
2141 1014 1
2141 1015 -1
2141 1636 -1
2142 1018 1
2142 1019 1
2142 1475 -1
2143 1018 1
2143 1022 -1
2143 1539 -1
2144 1018 1
2144 1020 1
2144 1196 -1
2145 1019 1
2145 1022 1
2145 1476 -1
2146 1019 1
2146 1021 -1
2146 1140 1
2147 1019 1
2147 1020 -1
2147 1197 1
2148 1020 1
2148 1023 -1
2148 1177 1
2149 1020 1
2149 1022 1
2149 1198 1
2150 1021 1
2150 1022 1
2150 1141 -1
2151 1022 1
2151 1023 1
2151 1172 1
2152 1024 1
2152 1026 1
2152 1211 -1
2153 1024 1
2153 1025 -1
2154 1024 1
2154 1030 1
2154 1678 -1
2155 1025 1
2155 1027 1
2155 1110 -1
2156 1025 1
2156 1030 1
2156 1679 -1
2157 1026 1
2157 1029 -1
2157 1213 -1
2158 1026 1
2158 1027 -1
2158 1113 1
2159 1026 1
2159 1030 -1
2159 1215 -1
2160 1027 1
2160 1028 -1
2160 1112 1
2161 1027 1
2161 1030 -1
2161 1114 -1
2162 1029 1
2162 1030 -1
2162 1681 1
2163 1031 1
2163 1034 1
2163 1470 -1
2164 1031 1
2164 1033 1
2164 1605 -1
2165 1031 1
2165 1035 -1
2165 1423 -1
2166 1031 1
2166 1032 -1
2167 1032 1
2167 1038 -1
2167 1541 -1
2168 1032 1
2168 1034 1
2168 1471 -1
2169 1032 1
2169 1040 1
2169 1385 -1
2170 1032 1
2170 1041 1
2170 1607 -1
2171 1032 1
2171 1042 1
2171 1226 -1
2172 1033 1
2172 1035 1
2172 1424 1
2173 1033 1
2173 1036 1
2173 1606 -1
2174 1033 1
2174 1039 1
2174 1322 -1
2175 1033 1
2175 1034 -1
2175 1473 -1
2176 1034 1
2176 1038 1
2176 1472 1
2177 1034 1
2177 1037 1
2177 1346 -1
2178 1034 1
2178 1039 1
2178 1326 -1
2179 1035 1
2179 1036 -1
2179 1425 -1
2180 1035 1
2180 1040 1
2180 1393 -1
2181 1036 1
2181 1040 1
2181 1392 -1
2182 1037 1
2182 1038 -1
2182 1349 -1
2183 1040 1
2183 1041 -1
2183 1391 -1
2184 1041 1
2184 1042 -1
2184 1227 -1
2185 1043 1
2185 1049 1
2185 1186 -1
2186 1043 1
2186 1044 1
2186 1181 -1
2187 1043 1
2187 1046 -1
2187 1183 1
2188 1043 1
2188 1050 -1
2188 1187 1
2189 1043 1
2189 1045 -1
2189 1182 1
2190 1043 1
2190 1052 -1
2190 1174 1
2191 1044 1
2191 1046 1
2191 1272 1
2192 1044 1
2192 1054 1
2192 1631 1
2193 1044 1
2193 1049 -1
2193 1705 -1
2194 1045 1
2194 1050 -1
2194 1457 -1
2195 1045 1
2195 1047 -1
2195 1311 -1
2196 1046 1
2196 1047 -1
2196 1270 -1
2197 1046 1
2197 1050 -1
2197 1267 1
2198 1046 1
2198 1054 -1
2198 1271 -1
2199 1046 1
2199 1048 -1
2199 1269 -1
2200 1047 1
2200 1050 -1
2200 1307 1
2201 1047 1
2201 1048 -1
2201 1306 -1
2202 1047 1
2202 1051 1
2202 1308 1
2203 1048 1
2203 1051 1
2203 1682 1
2204 1048 1
2204 1054 -1
2204 1632 1
2205 1048 1
2205 1049 1
2205 1706 -1
2206 1049 1
2206 1051 -1
2206 1684 1
2207 1049 1
2207 1053 1
2207 1453 -1
2208 1049 1
2208 1054 1
2208 1633 1
2209 1051 1
2209 1053 1
2209 1454 1
2210 1052 1
2210 1053 -1
2210 1175 -1
2211 1055 1
2211 1058 -1
2211 1216 -1
2212 1055 1
2212 1060 -1
2212 1405 -1
2213 1055 1
2213 1063 1
2213 1411 -1
2214 1055 1
2214 1059 1
2214 1101 -1
2215 1056 1
2215 1058 -1
2215 1218 -1
2216 1056 1
2216 1057 -1
2216 1511 -1
2217 1056 1
2217 1061 1
2217 1452 -1
2218 1056 1
2218 1060 -1
2218 1407 1
2219 1057 1
2219 1058 -1
2219 1217 1
2220 1058 1
2220 1060 -1
2220 1219 -1
2221 1058 1
2221 1059 1
2221 1105 1
2222 1058 1
2222 1064 1
2222 1221 -1
2223 1059 1
2223 1064 -1
2223 1106 1
2224 1059 1
2224 1062 -1
2224 1104 -1
2225 1059 1
2225 1063 -1
2225 1109 1
2226 1060 1
2226 1063 1
2226 1406 -1
2227 1062 1
2227 1064 -1
2227 1676 -1
2228 1065 1
2228 1066 1
2228 1640 -1
2229 1065 1
2229 1069 1
2229 1548 -1
2230 1065 1
2230 1071 1
2230 1694 -1
2231 1065 1
2231 1073 1
2231 1132 -1
2232 1065 1
2232 1072 1
2232 1305 -1
2233 1066 1
2233 1068 -1
2233 1426 1
2234 1066 1
2234 1067 1
2234 1267 1
2235 1066 1
2235 1070 -1
2235 1641 -1
2236 1066 1
2236 1072 -1
2236 1307 1
2237 1067 1
2237 1068 1
2237 1268 1
2238 1069 1
2238 1071 -1
2238 1551 1
2239 1070 1
2239 1072 -1
2239 1306 -1
2240 1072 1
2240 1073 -1
2240 1135 -1
2241 1074 1
2241 1076 -1
2241 1587 1
2242 1074 1
2242 1080 1
2242 1586 1
2243 1074 1
2243 1077 -1
2243 1209 1
2244 1075 1
2244 1078 -1
2244 1506 -1
2245 1075 1
2245 1077 -1
2245 1208 -1
2246 1075 1
2246 1079 -1
2246 1619 1
2247 1075 1
2247 1080 1
2247 1620 1
2248 1076 1
2248 1078 -1
2248 1508 -1
2249 1077 1
2249 1079 -1
2249 1206 1
2250 1077 1
2250 1081 -1
2250 1207 -1
2251 1078 1
2251 1080 1
2251 1509 1
2252 1082 1
2252 1086 1
2252 1261 -1
2253 1082 1
2253 1085 -1
2253 1499 -1
2254 1082 1
2254 1088 1
2254 1520 -1
2255 1082 1
2255 1089 1
2255 1240 -1
2256 1082 1
2256 1084 1
2256 1578 -1
2257 1083 1
2257 1086 1
2257 1264 1
2258 1083 1
2258 1087 1
2258 1697 -1
2259 1083 1
2259 1084 1
2259 1579 -1
2260 1083 1
2260 1089 1
2260 1244 -1
2261 1083 1
2261 1090 1
2261 1631 -1
2262 1083 1
2262 1085 -1
2262 1500 1
2263 1084 1
2263 1086 -1
2263 1265 -1
2264 1084 1
2264 1087 -1
2264 1580 1
2265 1084 1
2265 1089 -1
2265 1246 1
2266 1085 1
2266 1088 1
2266 1501 1
2267 1085 1
2267 1086 1
2267 1263 -1
2268 1085 1
2268 1090 1
2268 1502 1
2269 1085 1
2269 1089 1
2269 1247 -1
2270 1086 1
2270 1087 -1
2270 1262 1
2271 1088 1
2271 1089 -1
2271 1241 -1
2272 1089 1
2272 1090 -1
2272 1243 1
2273 1091 1
2273 1093 -1
2273 1439 -1
2274 1091 1
2274 1092 1
2274 1541 -1
2275 1092 1
2275 1094 1
2275 1543 1
2276 1095 1
2276 1098 1
2276 1129 -1
2277 1095 1
2277 1096 1
2277 1652 -1
2278 1095 1
2278 1099 1
2278 1688 -1
2279 1095 1
2279 1100 1
2279 1132 -1
2280 1096 1
2280 1098 -1
2280 1131 -1
2281 1096 1
2281 1099 -1
2281 1654 1
2282 1096 1
2282 1097 -1
2282 1612 1
2283 1097 1
2283 1099 -1
2283 1615 -1
2284 1099 1
2284 1100 -1
2284 1134 -1
2285 1101 1
2285 1102 1
2285 1341 -1
2286 1101 1
2286 1103 -1
2286 1492 -1
2287 1101 1
2287 1106 1
2287 1691 -1
2288 1101 1
2288 1105 1
2288 1216 -1
2289 1101 1
2289 1109 1
2289 1411 -1
2290 1102 1
2290 1103 1
2290 1342 1
2291 1103 1
2291 1104 -1
2291 1493 -1
2292 1103 1
2292 1106 1
2292 1494 -1
2293 1104 1
2293 1106 1
2293 1676 1
2294 1105 1
2294 1106 -1
2294 1221 1
2295 1107 1
2295 1108 -1
2295 1176 -1
2296 1110 1
2296 1111 1
2296 1704 -1
2297 1110 1
2297 1114 -1
2297 1679 -1
2298 1111 1
2298 1113 1
2298 1214 1
2299 1115 1
2299 1116 -1
2300 1115 1
2300 1118 -1
2300 1439 -1
2301 1115 1
2301 1119 1
2301 1667 -1
2302 1115 1
2302 1117 -1
2302 1519 -1
2303 1116 1
2303 1117 -1
2303 1520 -1
2304 1116 1
2304 1118 -1
2304 1440 -1
2305 1117 1
2305 1119 1
2305 1522 -1
2306 1120 1
2306 1122 -1
2306 1686 -1
2307 1120 1
2307 1123 -1
2307 1415 -1
2308 1120 1
2308 1121 1
2308 1569 -1
2309 1121 1
2309 1122 1
2309 1570 -1
2310 1121 1
2310 1124 -1
2310 1571 -1
2311 1121 1
2311 1125 -1
2311 1572 -1
2312 1121 1
2312 1123 1
2312 1417 1
2313 1122 1
2313 1128 1
2313 1687 1
2314 1122 1
2314 1123 -1
2314 1418 -1
2315 1123 1
2315 1125 1
2315 1419 -1
2316 1123 1
2316 1128 1
2316 1422 1
2317 1124 1
2317 1126 -1
2317 1701 -1
2318 1124 1
2318 1127 -1
2318 1673 -1
2319 1124 1
2319 1125 -1
2319 1613 -1
2320 1125 1
2320 1127 -1
2320 1617 1
2321 1126 1
2321 1128 -1
2321 1709 -1
2322 1126 1
2322 1127 -1
2322 1675 1
2323 1127 1
2323 1128 -1
2323 1674 1
2324 1129 1
2324 1130 -1
2324 1211 -1
2325 1129 1
2325 1131 1
2325 1652 -1
2326 1130 1
2326 1131 1
2326 1212 1
2327 1132 1
2327 1134 1
2327 1688 -1
2328 1132 1
2328 1133 1
2328 1273 -1
2329 1132 1
2329 1137 1
2329 1657 -1
2330 1132 1
2330 1135 1
2330 1305 -1
2331 1133 1
2331 1134 -1
2331 1274 1
2332 1134 1
2332 1135 -1
2332 1310 1
2333 1134 1
2333 1136 1
2333 1683 -1
2334 1134 1
2334 1138 -1
2334 1690 1
2335 1135 1
2335 1138 -1
2335 1306 1
2336 1135 1
2336 1136 1
2336 1308 -1
2337 1135 1
2337 1137 -1
2337 1309 -1
2338 1136 1
2338 1138 1
2338 1682 -1
2339 1139 1
2339 1141 -1
2339 1539 -1
2340 1139 1
2340 1140 -1
2340 1475 -1
2341 1139 1
2341 1143 1
2341 1584 -1
2342 1139 1
2342 1142 1
2342 1703 -1
2343 1140 1
2343 1141 -1
2343 1476 1
2344 1142 1
2344 1143 -1
2344 1585 -1
2345 1144 1
2345 1147 1
2345 1532 -1
2346 1144 1
2346 1146 1
2346 1441 -1
2347 1144 1
2347 1148 1
2347 1431 -1
2348 1145 1
2348 1146 -1
2348 1442 1
2349 1145 1
2349 1147 -1
2349 1533 -1
2350 1146 1
2350 1148 -1
2350 1436 1
2351 1150 1
2351 1151 -1
2352 1151 1
2352 1152 1
2352 1376 -1
2353 1153 1
2353 1155 1
2353 1679 -1
2354 1153 1
2354 1157 1
2354 1625 -1
2355 1153 1
2355 1154 -1
2356 1154 1
2356 1155 1
2356 1680 -1
2357 1154 1
2357 1157 1
2357 1626 -1
2358 1154 1
2358 1156 -1
2358 1714 -1
2359 1155 1
2359 1157 -1
2359 1627 -1
2360 1155 1
2360 1156 1
2360 1681 -1
2361 1156 1
2361 1157 1
2361 1628 1
2362 1158 1
2362 1159 -1
2362 1297 -1
2363 1158 1
2363 1162 1
2363 1383 1
2364 1158 1
2364 1160 -1
2364 1467 -1
2365 1159 1
2365 1160 -1
2365 1302 1
2366 1159 1
2366 1161 -1
2366 1303 -1
2367 1160 1
2367 1161 -1
2367 1542 -1
2368 1160 1
2368 1162 1
2368 1382 -1
2369 1163 1
2369 1164 -1
2369 1699 -1
2370 1164 1
2370 1165 1
2370 1480 1
2371 1165 1
2371 1168 -1
2371 1236 1
2372 1165 1
2372 1169 1
2372 1481 -1
2373 1166 1
2373 1170 -1
2373 1370 1
2374 1167 1
2374 1169 1
2374 1534 1
2375 1171 1
2375 1172 1
2375 1539 -1
2376 1171 1
2376 1180 1
2376 1599 -1
2377 1171 1
2377 1177 -1
2377 1196 -1
2378 1172 1
2378 1177 1
2378 1198 -1
2379 1172 1
2379 1173 1
2379 1540 1
2380 1175 1
2380 1178 -1
2380 1453 1
2381 1175 1
2381 1179 1
2381 1451 1
2382 1176 1
2382 1177 -1
2382 1200 1
2383 1176 1
2383 1180 1
2383 1497 -1
2384 1177 1
2384 1180 1
2384 1201 -1
2385 1181 1
2385 1184 -1
2385 1579 1
2386 1181 1
2386 1185 1
2386 1428 1
2387 1181 1
2387 1183 1
2387 1272 1
2388 1181 1
2388 1186 -1
2388 1705 -1
2389 1182 1
2389 1184 1
2389 1458 -1
2390 1182 1
2390 1185 -1
2390 1429 1
2391 1182 1
2391 1187 -1
2391 1457 -1
2392 1183 1
2392 1187 -1
2392 1267 1
2393 1183 1
2393 1185 -1
2393 1268 1
2394 1184 1
2394 1185 1
2394 1430 1
2395 1185 1
2395 1187 -1
2395 1426 1
2396 1188 1
2396 1189 1
2396 1537 -1
2397 1188 1
2397 1192 -1
2397 1578 -1
2398 1188 1
2398 1194 1
2398 1240 -1
2399 1189 1
2399 1191 1
2399 1538 1
2400 1189 1
2400 1190 1
2400 1427 -1
2401 1190 1
2401 1193 -1
2401 1429 -1
2402 1190 1
2402 1191 -1
2402 1426 1
2403 1190 1
2403 1194 1
2403 1245 -1
2404 1190 1
2404 1192 -1
2404 1430 1
2405 1192 1
2405 1193 -1
2405 1458 1
2406 1192 1
2406 1194 1
2406 1246 -1
2407 1195 1
2407 1199 1
2407 1447 -1
2408 1195 1
2408 1196 -1
2409 1195 1
2409 1201 1
2409 1598 -1
2410 1195 1
2410 1200 1
2410 1496 -1
2411 1196 1
2411 1197 -1
2411 1475 -1
2412 1196 1
2412 1198 1
2412 1539 -1
2413 1196 1
2413 1201 1
2413 1599 -1
2414 1197 1
2414 1199 1
2414 1449 1
2415 1200 1
2415 1201 -1
2415 1497 1
2416 1202 1
2416 1203 -1
2416 1546 -1
2417 1202 1
2417 1205 1
2417 1545 1
2418 1202 1
2418 1204 -1
2418 1278 -1
2419 1202 1
2419 1207 1
2419 1370 1
2420 1203 1
2420 1209 1
2420 1555 -1
2421 1203 1
2421 1206 -1
2421 1554 -1
2422 1203 1
2422 1210 1
2422 1389 1
2423 1203 1
2423 1205 1
2423 1552 1
2424 1204 1
2424 1207 1
2424 1279 1
2425 1204 1
2425 1205 1
2425 1277 1
2426 1204 1
2426 1210 1
2426 1280 1
2427 1204 1
2427 1206 -1
2427 1281 -1
2428 1205 1
2428 1210 -1
2428 1387 1
2429 1206 1
2429 1208 -1
2429 1619 -1
2430 1206 1
2430 1207 1
2430 1374 1
2431 1206 1
2431 1210 1
2431 1392 1
2432 1207 1
2432 1208 1
2432 1373 1
2433 1213 1
2433 1215 -1
2433 1681 -1
2434 1216 1
2434 1222 -1
2434 1560 -1
2435 1216 1
2435 1223 -1
2435 1601 -1
2436 1216 1
2436 1219 1
2436 1405 -1
2437 1216 1
2437 1221 1
2437 1691 -1
2438 1217 1
2438 1219 -1
2438 1408 -1
2439 1217 1
2439 1218 1
2439 1511 -1
2440 1217 1
2440 1220 -1
2440 1710 -1
2441 1217 1
2441 1222 1
2441 1564 1
2442 1217 1
2442 1223 1
2442 1603 1
2443 1217 1
2443 1224 1
2443 1482 -1
2444 1218 1
2444 1219 1
2444 1407 1
2445 1219 1
2445 1225 1
2445 1237 -1
2446 1219 1
2446 1223 1
2446 1410 1
2447 1220 1
2447 1221 -1
2447 1693 -1
2448 1220 1
2448 1222 1
2448 1566 -1
2449 1221 1
2449 1222 1
2449 1563 -1
2450 1222 1
2450 1223 -1
2450 1562 -1
2451 1223 1
2451 1224 -1
2451 1483 1
2452 1223 1
2452 1225 -1
2452 1235 1
2453 1226 1
2453 1230 1
2453 1625 -1
2454 1226 1
2454 1228 1
2454 1704 -1
2455 1226 1
2455 1227 1
2455 1607 -1
2456 1227 1
2456 1230 -1
2456 1609 1
2457 1227 1
2457 1229 1
2457 1371 -1
2458 1231 1
2458 1235 1
2458 1601 -1
2459 1231 1
2459 1238 1
2459 1411 -1
2460 1231 1
2460 1237 1
2460 1405 -1
2461 1232 1
2461 1236 -1
2461 1479 1
2462 1232 1
2462 1237 1
2462 1409 -1
2463 1232 1
2463 1238 1
2463 1412 1
2464 1235 1
2464 1236 1
2464 1483 -1
2465 1235 1
2465 1237 -1
2465 1410 -1
2466 1237 1
2466 1238 -1
2466 1406 1
2467 1239 1
2467 1241 1
2467 1519 -1
2468 1239 1
2468 1242 -1
2468 1667 -1
2469 1239 1
2469 1240 -1
2470 1240 1
2470 1241 1
2470 1520 -1
2471 1240 1
2471 1246 -1
2471 1578 -1
2472 1241 1
2472 1242 1
2472 1522 1
2473 1241 1
2473 1243 -1
2473 1521 1
2474 1241 1
2474 1247 1
2474 1501 1
2475 1242 1
2475 1243 1
2475 1630 1
2476 1243 1
2476 1244 1
2476 1631 -1
2477 1243 1
2477 1247 1
2477 1502 1
2478 1244 1
2478 1246 -1
2478 1579 -1
2479 1244 1
2479 1245 -1
2479 1428 -1
2480 1245 1
2480 1246 -1
2480 1430 1
2481 1248 1
2481 1253 1
2481 1513 -1
2482 1248 1
2482 1250 1
2482 1359 1
2483 1248 1
2483 1254 1
2483 1643 1
2484 1249 1
2484 1250 -1
2484 1357 -1
2485 1249 1
2485 1255 -1
2485 1478 -1
2486 1251 1
2486 1252 -1
2486 1710 -1
2487 1251 1
2487 1253 -1
2487 1511 -1
2488 1251 1
2488 1255 -1
2488 1482 -1
2489 1251 1
2489 1260 1
2489 1603 1
2490 1251 1
2490 1259 1
2490 1338 1
2491 1252 1
2491 1259 1
2491 1332 -1
2492 1254 1
2492 1257 -1
2492 1372 -1
2493 1255 1
2493 1258 -1
2493 1484 -1
2494 1255 1
2494 1259 1
2494 1339 -1
2495 1255 1
2495 1260 1
2495 1483 1
2496 1256 1
2496 1258 1
2496 1518 -1
2497 1258 1
2497 1259 1
2497 1328 1
2498 1259 1
2498 1260 -1
2498 1336 1
2499 1261 1
2499 1263 -1
2499 1499 -1
2500 1261 1
2500 1265 1
2500 1578 -1
2501 1261 1
2501 1262 1
2501 1696 -1
2502 1262 1
2502 1264 -1
2502 1697 -1
2503 1262 1
2503 1265 -1
2503 1580 -1
2504 1262 1
2504 1266 1
2504 1698 -1
2505 1263 1
2505 1264 1
2505 1500 -1
2506 1263 1
2506 1266 -1
2506 1503 -1
2507 1264 1
2507 1266 1
2507 1705 -1
2508 1267 1
2508 1268 -1
2508 1426 -1
2509 1267 1
2509 1269 1
2509 1641 1
2510 1267 1
2510 1270 1
2510 1307 -1
2511 1268 1
2511 1272 -1
2511 1428 1
2512 1269 1
2512 1270 -1
2512 1306 -1
2513 1269 1
2513 1271 -1
2513 1632 -1
2514 1271 1
2514 1272 1
2514 1631 -1
2515 1273 1
2515 1274 1
2515 1688 -1
2516 1273 1
2516 1275 1
2516 1672 -1
2517 1276 1
2517 1283 -1
2517 1626 -1
2518 1276 1
2518 1277 1
2518 1668 -1
2519 1277 1
2519 1279 -1
2519 1369 -1
2520 1277 1
2520 1278 -1
2520 1545 -1
2521 1277 1
2521 1280 -1
2521 1387 -1
2522 1277 1
2522 1282 1
2522 1608 -1
2523 1277 1
2523 1283 1
2523 1629 -1
2524 1278 1
2524 1279 -1
2524 1370 1
2525 1279 1
2525 1281 1
2525 1374 -1
2526 1279 1
2526 1282 1
2526 1371 1
2527 1280 1
2527 1281 1
2527 1392 -1
2528 1280 1
2528 1282 1
2528 1391 -1
2529 1281 1
2529 1282 -1
2529 1611 -1
2530 1282 1
2530 1283 -1
2530 1609 -1
2531 1284 1
2531 1285 -1
2532 1284 1
2532 1289 1
2532 1423 -1
2533 1285 1
2533 1286 1
2533 1649 -1
2534 1286 1
2534 1287 -1
2534 1553 1
2535 1286 1
2535 1288 -1
2535 1388 1
2536 1287 1
2536 1288 -1
2536 1389 1
2537 1288 1
2537 1289 -1
2537 1393 -1
2538 1290 1
2538 1292 -1
2539 1290 1
2539 1293 -1
2539 1379 -1
2540 1290 1
2540 1295 -1
2540 1581 -1
2541 1290 1
2541 1296 1
2541 1343 -1
2542 1290 1
2542 1291 -1
2543 1291 1
2543 1292 -1
2544 1291 1
2544 1296 1
2544 1344 -1
2545 1291 1
2545 1294 -1
2545 1716 -1
2546 1292 1
2546 1293 -1
2546 1380 -1
2547 1293 1
2547 1294 -1
2547 1382 -1
2548 1293 1
2548 1295 -1
2548 1381 -1
2549 1294 1
2549 1296 1
2549 1348 1
2550 1294 1
2550 1295 -1
2550 1582 1
2551 1295 1
2551 1296 1
2551 1347 1
2552 1297 1
2552 1298 -1
2552 1314 1
2553 1297 1
2553 1301 -1
2553 1404 -1
2554 1297 1
2554 1302 -1
2554 1467 -1
2555 1297 1
2555 1299 -1
2555 1466 -1
2556 1298 1
2556 1300 1
2556 1318 1
2557 1298 1
2557 1301 -1
2557 1316 -1
2558 1298 1
2558 1299 -1
2558 1312 1
2559 1298 1
2559 1304 1
2559 1323 1
2560 1298 1
2560 1303 1
2560 1325 1
2561 1299 1
2561 1302 -1
2561 1488 1
2562 1299 1
2562 1304 1
2562 1465 -1
2563 1300 1
2563 1301 1
2563 1402 -1
2564 1300 1
2564 1303 -1
2564 1543 1
2565 1302 1
2565 1303 1
2565 1542 -1
2566 1302 1
2566 1304 1
2566 1463 1
2567 1303 1
2567 1304 -1
2567 1464 -1
2568 1305 1
2568 1309 -1
2568 1657 -1
2569 1305 1
2569 1307 -1
2569 1640 -1
2570 1306 1
2570 1308 1
2570 1682 -1
2571 1306 1
2571 1307 1
2571 1641 1
2572 1307 1
2572 1309 -1
2572 1642 1
2573 1307 1
2573 1311 -1
2573 1457 1
2574 1308 1
2574 1310 -1
2574 1683 -1
2575 1309 1
2575 1311 -1
2575 1456 1
2576 1312 1
2576 1320 -1
2576 1446 1
2577 1312 1
2577 1317 1
2577 1486 -1
2578 1312 1
2578 1314 1
2578 1466 1
2579 1312 1
2579 1323 -1
2579 1465 -1
2580 1312 1
2580 1326 -1
2580 1474 -1
2581 1312 1
2581 1322 -1
2581 1490 1
2582 1313 1
2582 1318 -1
2582 1395 1
2583 1313 1
2583 1316 1
2583 1397 1
2584 1313 1
2584 1315 1
2584 1396 1
2585 1313 1
2585 1319 1
2585 1394 1
2586 1313 1
2586 1321 1
2586 1398 -1
2587 1314 1
2587 1316 -1
2587 1404 1
2588 1314 1
2588 1317 -1
2588 1468 1
2589 1315 1
2589 1317 -1
2589 1504 -1
2590 1315 1
2590 1316 -1
2590 1400 1
2591 1315 1
2591 1319 -1
2591 1506 -1
2592 1315 1
2592 1324 1
2592 1509 -1
2593 1315 1
2593 1320 1
2593 1445 1
2594 1316 1
2594 1317 -1
2594 1403 1
2595 1316 1
2595 1318 1
2595 1402 1
2596 1317 1
2596 1320 1
2596 1443 1
2597 1319 1
2597 1321 -1
2597 1619 -1
2598 1319 1
2598 1324 1
2598 1620 -1
2599 1320 1
2599 1322 -1
2599 1444 -1
2600 1320 1
2600 1324 -1
2600 1442 -1
2601 1321 1
2601 1322 1
2601 1606 -1
2602 1322 1
2602 1326 -1
2602 1473 -1
2603 1323 1
2603 1325 -1
2603 1464 -1
2604 1323 1
2604 1326 -1
2604 1462 -1
2605 1327 1
2605 1328 -1
2605 1514 -1
2606 1327 1
2606 1330 -1
2606 1699 -1
2607 1327 1
2607 1334 1
2607 1561 -1
2608 1328 1
2608 1331 -1
2608 1515 1
2609 1328 1
2609 1333 -1
2609 1518 1
2610 1328 1
2610 1339 1
2610 1484 -1
2611 1328 1
2611 1330 -1
2611 1517 1
2612 1329 1
2612 1335 -1
2612 1418 -1
2613 1329 1
2613 1332 -1
2613 1687 1
2614 1330 1
2614 1334 1
2614 1565 1
2615 1330 1
2615 1339 1
2615 1480 1
2616 1330 1
2616 1336 -1
2616 1604 1
2617 1331 1
2617 1333 -1
2617 1590 -1
2618 1332 1
2618 1335 -1
2618 1422 -1
2619 1332 1
2619 1338 1
2619 1710 1
2620 1332 1
2620 1334 -1
2620 1566 -1
2621 1333 1
2621 1335 1
2621 1414 -1
2622 1334 1
2622 1338 1
2622 1564 -1
2623 1334 1
2623 1336 1
2623 1562 1
2624 1336 1
2624 1338 -1
2624 1603 1
2625 1336 1
2625 1339 1
2625 1483 1
2626 1340 1
2626 1341 -1
2627 1340 1
2627 1342 1
2627 1491 -1
2628 1341 1
2628 1342 1
2628 1492 -1
2629 1343 1
2629 1345 1
2629 1460 -1
2630 1343 1
2630 1344 -1
2631 1343 1
2631 1347 1
2631 1581 -1
2632 1344 1
2632 1349 1
2632 1541 -1
2633 1344 1
2633 1348 1
2633 1716 -1
2634 1345 1
2634 1347 -1
2634 1461 -1
2635 1345 1
2635 1346 -1
2635 1462 -1
2636 1345 1
2636 1349 -1
2636 1464 -1
2637 1345 1
2637 1348 -1
2637 1463 -1
2638 1346 1
2638 1349 -1
2638 1472 1
2639 1347 1
2639 1348 -1
2639 1582 1
2640 1348 1
2640 1349 -1
2640 1542 -1
2641 1350 1
2641 1351 1
2641 1355 1
2642 1352 1
2642 1356 1
2642 1634 -1
2643 1352 1
2643 1353 -1
2644 1352 1
2644 1354 -1
2645 1353 1
2645 1354 -1
2646 1353 1
2646 1356 1
2646 1635 -1
2647 1353 1
2647 1355 1
2647 1715 -1
2648 1355 1
2648 1356 -1
2648 1636 -1
2649 1357 1
2649 1361 -1
2649 1508 -1
2650 1357 1
2650 1362 1
2650 1559 -1
2651 1358 1
2651 1361 -1
2651 1364 1
2652 1358 1
2652 1360 1
2652 1363 1
2653 1360 1
2653 1362 -1
2653 1529 1
2654 1360 1
2654 1361 1
2654 1505 -1
2655 1361 1
2655 1362 1
2655 1507 1
2656 1363 1
2656 1364 -1
2656 1505 1
2657 1363 1
2657 1365 1
2657 1451 -1
2658 1363 1
2658 1367 -1
2658 1531 -1
2659 1364 1
2659 1366 1
2659 1400 -1
2660 1364 1
2660 1368 1
2660 1396 -1
2661 1365 1
2661 1367 1
2661 1453 -1
2662 1366 1
2662 1368 -1
2662 1397 1
2663 1366 1
2663 1367 1
2663 1401 1
2664 1367 1
2664 1368 1
2664 1399 1
2665 1369 1
2665 1370 1
2665 1545 -1
2666 1373 1
2666 1374 -1
2666 1619 -1
2667 1375 1
2667 1376 -1
2668 1377 1
2668 1378 -1
2668 1622 1
2669 1379 1
2669 1380 -1
2670 1379 1
2670 1384 1
2670 1485 -1
2671 1379 1
2671 1381 1
2671 1581 -1
2672 1381 1
2672 1382 -1
2672 1582 1
2673 1381 1
2673 1383 1
2673 1469 1
2674 1381 1
2674 1384 -1
2674 1487 -1
2675 1382 1
2675 1383 1
2675 1467 1
2676 1383 1
2676 1384 1
2676 1466 1
2677 1385 1
2677 1390 1
2677 1670 -1
2678 1385 1
2678 1391 -1
2678 1607 -1
2679 1386 1
2679 1387 1
2679 1668 -1
2680 1386 1
2680 1390 1
2680 1671 -1
2681 1386 1
2681 1388 -1
2681 1649 -1
2682 1387 1
2682 1389 1
2682 1552 -1
2683 1387 1
2683 1388 1
2683 1650 1
2684 1387 1
2684 1390 -1
2684 1669 1
2685 1387 1
2685 1391 1
2685 1608 -1
2686 1388 1
2686 1390 1
2686 1651 1
2687 1388 1
2687 1389 -1
2687 1553 -1
2688 1389 1
2688 1392 -1
2688 1554 1
2689 1390 1
2689 1391 1
2689 1610 -1
2690 1391 1
2690 1392 -1
2690 1611 1
2691 1392 1
2691 1393 -1
2691 1425 1
2692 1394 1
2692 1398 1
2692 1619 1
2693 1394 1
2693 1396 -1
2693 1506 -1
2694 1395 1
2694 1397 -1
2694 1402 1
2695 1395 1
2695 1399 1
2695 1677 1
2696 1396 1
2696 1397 -1
2696 1400 -1
2697 1397 1
2697 1399 1
2697 1401 -1
2698 1400 1
2698 1403 1
2698 1504 1
2699 1401 1
2699 1402 -1
2699 1677 1
2700 1403 1
2700 1404 1
2700 1468 -1
2701 1405 1
2701 1406 1
2701 1411 -1
2702 1405 1
2702 1410 1
2702 1601 -1
2703 1406 1
2703 1409 1
2703 1412 1
2704 1407 1
2704 1408 -1
2704 1511 1
2705 1411 1
2705 1412 1
2705 1510 -1
2706 1414 1
2706 1419 -1
2706 1616 -1
2707 1414 1
2707 1416 1
2707 1590 1
2708 1414 1
2708 1420 1
2708 1663 -1
2709 1415 1
2709 1418 -1
2709 1686 -1
2710 1415 1
2710 1416 -1
2710 1591 -1
2711 1415 1
2711 1420 -1
2711 1662 -1
2712 1415 1
2712 1421 -1
2712 1655 -1
2713 1415 1
2713 1417 -1
2713 1569 -1
2714 1416 1
2714 1420 -1
2714 1589 1
2715 1416 1
2715 1418 -1
2715 1592 -1
2716 1417 1
2716 1421 -1
2716 1573 1
2717 1417 1
2717 1419 1
2717 1572 1
2718 1418 1
2718 1422 -1
2718 1687 1
2719 1419 1
2719 1421 1
2719 1612 1
2720 1420 1
2720 1421 -1
2720 1656 -1
2721 1423 1
2721 1424 -1
2721 1605 -1
2722 1424 1
2722 1425 1
2722 1606 1
2723 1426 1
2723 1427 1
2723 1538 1
2724 1426 1
2724 1429 1
2724 1457 1
2725 1428 1
2725 1430 -1
2725 1579 -1
2726 1429 1
2726 1430 1
2726 1458 1
2727 1431 1
2727 1436 -1
2727 1441 -1
2728 1431 1
2728 1437 -1
2728 1485 -1
2729 1431 1
2729 1434 -1
2729 1621 -1
2730 1432 1
2730 1433 -1
2730 1646 1
2731 1432 1
2731 1434 -1
2731 1624 -1
2732 1432 1
2732 1437 -1
2732 1486 -1
2733 1432 1
2733 1436 -1
2733 1443 1
2734 1432 1
2734 1435 1
2734 1557 1
2735 1433 1
2735 1435 1
2735 1558 1
2736 1433 1
2736 1438 1
2736 1648 1
2737 1433 1
2737 1434 -1
2737 1622 1
2738 1434 1
2738 1437 -1
2738 1489 1
2739 1435 1
2739 1438 -1
2739 1556 1
2740 1436 1
2740 1437 -1
2740 1446 1
2741 1439 1
2741 1440 -1
2742 1441 1
2742 1444 -1
2742 1605 -1
2743 1441 1
2743 1446 -1
2743 1485 -1
2744 1442 1
2744 1445 1
2744 1509 1
2745 1443 1
2745 1445 -1
2745 1504 -1
2746 1443 1
2746 1446 1
2746 1486 1
2747 1444 1
2747 1446 -1
2747 1490 1
2748 1447 1
2748 1448 1
2748 1665 -1
2749 1450 1
2749 1452 -1
2749 1513 -1
2750 1451 1
2750 1453 -1
2750 1531 -1
2751 1453 1
2751 1454 1
2751 1684 1
2752 1456 1
2752 1459 -1
2752 1498 -1
2753 1460 1
2753 1461 -1
2753 1581 -1
2754 1460 1
2754 1465 1
2754 1485 -1
2755 1460 1
2755 1462 -1
2755 1470 -1
2756 1461 1
2756 1463 -1
2756 1582 -1
2757 1461 1
2757 1465 1
2757 1487 1
2758 1462 1
2758 1465 1
2758 1474 -1
2759 1462 1
2759 1464 -1
2759 1472 -1
2760 1463 1
2760 1464 -1
2760 1542 1
2761 1463 1
2761 1465 1
2761 1488 1
2762 1466 1
2762 1468 -1
2762 1486 1
2763 1466 1
2763 1467 -1
2763 1488 -1
2764 1466 1
2764 1469 -1
2764 1487 -1
2765 1467 1
2765 1469 -1
2765 1582 1
2766 1470 1
2766 1471 -1
2767 1470 1
2767 1474 1
2767 1485 -1
2768 1470 1
2768 1473 1
2768 1605 -1
2769 1473 1
2769 1474 -1
2769 1490 -1
2770 1475 1
2770 1476 -1
2770 1539 -1
2771 1477 1
2771 1478 1
2771 1587 -1
2772 1477 1
2772 1481 -1
2772 1534 -1
2773 1480 1
2773 1484 1
2773 1517 1
2774 1480 1
2774 1483 -1
2774 1604 -1
2775 1482 1
2775 1483 -1
2775 1603 1
2776 1485 1
2776 1487 1
2776 1581 -1
2777 1485 1
2777 1490 1
2777 1605 -1
2778 1486 1
2778 1489 1
2778 1624 -1
2779 1487 1
2779 1488 -1
2779 1582 1
2780 1491 1
2780 1493 1
2780 1672 -1
2781 1491 1
2781 1495 1
2781 1707 -1
2782 1491 1
2782 1492 -1
2783 1492 1
2783 1495 1
2783 1708 -1
2784 1492 1
2784 1494 1
2784 1691 -1
2785 1493 1
2785 1495 -1
2785 1675 1
2786 1493 1
2786 1494 -1
2786 1676 -1
2787 1494 1
2787 1495 -1
2787 1692 -1
2788 1496 1
2788 1497 1
2788 1598 -1
2789 1497 1
2789 1498 -1
2789 1600 1
2790 1499 1
2790 1501 -1
2790 1520 -1
2791 1500 1
2791 1503 -1
2791 1705 -1
2792 1500 1
2792 1502 1
2792 1631 1
2793 1501 1
2793 1502 -1
2793 1521 -1
2794 1502 1
2794 1503 1
2794 1633 1
2795 1504 1
2795 1507 -1
2795 1557 -1
2796 1505 1
2796 1507 1
2796 1529 1
2797 1506 1
2797 1509 -1
2797 1620 1
2798 1507 1
2798 1508 -1
2798 1559 1
2799 1511 1
2799 1512 1
2799 1710 -1
2800 1514 1
2800 1516 -1
2800 1593 -1
2801 1514 1
2801 1517 -1
2801 1699 -1
2802 1515 1
2802 1516 -1
2802 1588 -1
2803 1515 1
2803 1518 -1
2803 1590 -1
2804 1519 1
2804 1520 -1
2805 1519 1
2805 1522 1
2805 1667 -1
2806 1521 1
2806 1522 -1
2806 1630 1
2807 1523 1
2807 1525 -1
2807 1660 -1
2808 1523 1
2808 1524 -1
2809 1524 1
2809 1526 -1
2809 1593 -1
2810 1524 1
2810 1525 -1
2810 1661 -1
2811 1524 1
2811 1527 -1
2811 1714 -1
2812 1524 1
2812 1528 -1
2812 1626 -1
2813 1525 1
2813 1527 -1
2813 1664 -1
2814 1525 1
2814 1526 -1
2814 1594 -1
2815 1527 1
2815 1528 -1
2815 1628 1
2816 1529 1
2816 1530 1
2816 1556 -1
2817 1533 1
2817 1534 1
2817 1586 -1
2818 1534 1
2818 1535 -1
2818 1555 -1
2819 1536 1
2819 1537 -1
2820 1536 1
2820 1538 1
2820 1640 -1
2821 1539 1
2821 1540 1
2821 1696 -1
2822 1541 1
2822 1542 1
2822 1716 -1
2823 1544 1
2823 1547 1
2823 1649 -1
2824 1544 1
2824 1545 1
2824 1668 -1
2825 1545 1
2825 1547 -1
2825 1650 1
2826 1545 1
2826 1546 1
2826 1552 -1
2827 1546 1
2827 1547 1
2827 1553 1
2828 1552 1
2828 1553 1
2828 1650 1
2829 1556 1
2829 1558 -1
2829 1648 1
2830 1557 1
2830 1558 -1
2830 1646 -1
2831 1560 1
2831 1561 -1
2832 1560 1
2832 1562 1
2832 1601 -1
2833 1560 1
2833 1563 1
2833 1691 -1
2834 1561 1
2834 1565 1
2834 1699 -1
2835 1561 1
2835 1562 1
2835 1602 -1
2836 1562 1
2836 1564 1
2836 1603 -1
2837 1562 1
2837 1565 -1
2837 1604 1
2838 1564 1
2838 1566 1
2838 1710 1
2839 1567 1
2839 1568 -1
2840 1567 1
2840 1571 1
2840 1700 -1
2841 1567 1
2841 1573 1
2841 1652 -1
2842 1567 1
2842 1569 1
2842 1711 -1
2843 1568 1
2843 1569 1
2843 1712 -1
2844 1569 1
2844 1570 -1
2844 1686 -1
2845 1569 1
2845 1573 -1
2845 1655 -1
2846 1571 1
2846 1573 -1
2846 1653 -1
2847 1571 1
2847 1572 -1
2847 1613 1
2848 1572 1
2848 1573 -1
2848 1612 -1
2849 1574 1
2849 1575 -1
2850 1574 1
2850 1577 -1
2850 1707 -1
2851 1574 1
2851 1576 -1
2852 1575 1
2852 1577 -1
2852 1708 -1
2853 1575 1
2853 1576 -1
2854 1578 1
2854 1580 1
2854 1696 -1
2855 1579 1
2855 1580 1
2855 1697 -1
2856 1583 1
2856 1584 -1
2857 1584 1
2857 1585 1
2857 1703 -1
2858 1588 1
2858 1589 -1
2858 1594 -1
2859 1588 1
2859 1591 -1
2859 1595 1
2860 1588 1
2860 1592 1
2860 1596 1
2861 1589 1
2861 1590 -1
2861 1663 -1
2862 1589 1
2862 1591 -1
2862 1662 1
2863 1591 1
2863 1592 1
2863 1686 -1
2864 1593 1
2864 1594 -1
2864 1661 -1
2865 1593 1
2865 1596 1
2865 1685 -1
2866 1593 1
2866 1595 1
2866 1712 -1
2867 1594 1
2867 1595 1
2867 1662 -1
2868 1595 1
2868 1596 -1
2868 1686 -1
2869 1597 1
2869 1598 -1
2870 1597 1
2870 1599 -1
2871 1597 1
2871 1600 1
2871 1657 -1
2872 1598 1
2872 1599 -1
2873 1599 1
2873 1600 1
2873 1658 -1
2874 1601 1
2874 1602 -1
2875 1602 1
2875 1604 1
2875 1699 -1
2876 1607 1
2876 1610 1
2876 1670 -1
2877 1607 1
2877 1609 1
2877 1625 -1
2878 1612 1
2878 1615 -1
2878 1654 -1
2879 1612 1
2879 1613 -1
2879 1653 -1
2880 1613 1
2880 1617 -1
2880 1673 -1
2881 1613 1
2881 1615 -1
2881 1689 1
2882 1614 1
2882 1616 1
2882 1638 1
2883 1614 1
2883 1618 1
2883 1639 1
2884 1615 1
2884 1618 -1
2884 1683 1
2885 1621 1
2885 1623 -1
2885 1702 -1
2886 1622 1
2886 1624 1
2886 1646 1
2887 1622 1
2887 1623 1
2887 1647 1
2888 1625 1
2888 1626 -1
2889 1625 1
2889 1627 1
2889 1679 -1
2890 1626 1
2890 1628 1
2890 1714 -1
2891 1626 1
2891 1629 1
2891 1668 -1
2892 1631 1
2892 1633 -1
2892 1705 1
2893 1632 1
2893 1633 1
2893 1706 1
2894 1634 1
2894 1635 -1
2895 1635 1
2895 1636 1
2895 1715 -1
2896 1637 1
2896 1639 -1
2896 1644 -1
2897 1640 1
2897 1642 -1
2897 1657 -1
2898 1643 1
2898 1645 1
2898 1659 1
2899 1644 1
2899 1645 -1
2899 1684 1
2900 1647 1
2900 1648 1
2900 1666 -1
2901 1649 1
2901 1650 -1
2901 1668 -1
2902 1649 1
2902 1651 -1
2902 1671 -1
2903 1652 1
2903 1653 1
2903 1700 -1
2904 1652 1
2904 1654 1
2904 1688 -1
2905 1652 1
2905 1656 1
2905 1660 -1
2906 1652 1
2906 1655 1
2906 1711 -1
2907 1653 1
2907 1654 -1
2907 1689 -1
2908 1655 1
2908 1656 -1
2908 1662 -1
2909 1657 1
2909 1658 -1
2910 1660 1
2910 1661 -1
2911 1660 1
2911 1662 1
2911 1711 -1
2912 1661 1
2912 1662 1
2912 1712 -1
2913 1668 1
2913 1669 1
2913 1671 -1
2914 1670 1
2914 1671 -1
2915 1672 1
2915 1673 -1
2915 1700 -1
2916 1672 1
2916 1675 1
2916 1707 -1
2917 1673 1
2917 1675 1
2917 1701 -1
2918 1674 1
2918 1676 -1
2918 1693 1
2919 1674 1
2919 1675 1
2919 1709 1
2920 1675 1
2920 1676 1
2920 1692 1
2921 1678 1
2921 1680 -1
2922 1678 1
2922 1681 -1
2922 1713 -1
2923 1678 1
2923 1679 -1
2924 1679 1
2924 1680 -1
2925 1680 1
2925 1681 -1
2925 1714 -1
2926 1682 1
2926 1683 -1
2926 1690 -1
2927 1682 1
2927 1684 1
2927 1706 1
2928 1685 1
2928 1686 1
2928 1712 -1
2929 1688 1
2929 1689 1
2929 1700 -1
2930 1691 1
2930 1692 -1
2930 1708 -1
2931 1700 1
2931 1701 1
2931 1707 -1
2932 1702 1
2932 1703 -1
2933 1707 1
2933 1708 -1
2934 1711 1
2934 1712 -1
2935 1713 1
2935 1714 -1
