0 0 1
1 0 -1
1 107 1
2 0 -1
2 41 1
3 0 1
3 10 -1
4 0 1
4 184 -1
5 0 -1
5 63 1
6 0 1
6 224 -1
7 0 -1
7 33 1
8 0 1
8 52 -1
9 0 1
9 60 -1
10 0 1
10 15 -1
11 0 1
11 74 -1
12 0 1
12 220 -1
13 0 -1
13 101 1
14 1 -1
14 163 1
15 1 -1
15 53 1
16 1 1
16 103 -1
17 1 1
17 39 -1
18 1 1
18 24 -1
19 1 1
19 176 -1
20 1 -1
20 43 1
21 1 1
21 109 -1
22 1 1
22 121 -1
23 1 -1
23 68 1
24 1 1
24 38 -1
25 1 1
25 229 -1
26 1 1
26 226 -1
27 1 1
27 139 -1
28 1 1
28 102 -1
29 1 1
29 91 -1
30 1 1
30 172 -1
31 2 1
32 2 -1
32 130 1
33 2 -1
33 9 1
34 2 -1
34 186 1
35 2 -1
35 220 1
36 2 -1
36 66 1
37 2 -1
37 59 1
38 2 -1
38 44 1
39 2 -1
39 182 1
40 2 -1
40 158 1
41 2 1
41 133 -1
42 2 -1
42 123 1
43 2 1
43 104 -1
44 3 -1
44 92 1
45 3 1
45 180 -1
46 3 1
46 212 -1
47 3 -1
47 153 1
48 3 -1
48 188 1
49 3 -1
49 241 1
50 3 -1
50 147 1
51 3 1
51 174 -1
52 3 1
52 242 -1
53 3 -1
53 20 1
54 3 -1
54 65 1
55 3 -1
55 38 1
56 3 -1
56 219 1
57 3 -1
57 163 1
58 3 1
58 115 -1
59 3 -1
59 183 1
60 3 1
60 233 -1
61 3 -1
61 121 1
62 3 -1
62 99 1
63 3 1
63 91 -1
64 3 -1
64 88 1
65 4 1
66 4 1
66 208 -1
67 4 -1
67 248 1
68 4 1
68 144 -1
69 4 -1
69 98 1
70 4 1
70 70 -1
71 4 1
71 81 -1
72 4 1
72 46 -1
73 4 -1
73 145 1
74 4 1
74 116 -1
75 5 1
75 108 -1
76 5 -1
76 215 1
77 5 1
77 11 -1
78 5 1
78 209 -1
79 5 1
79 202 -1
80 5 1
80 113 -1
81 5 -1
81 23 1
82 5 -1
82 226 1
83 5 -1
83 229 1
84 5 1
84 227 -1
85 5 -1
85 126 1
86 5 1
86 156 -1
87 5 -1
87 48 1
88 6 1
89 6 -1
89 117 1
90 6 -1
90 92 1
91 6 -1
91 79 1
92 6 -1
92 31 1
93 6 -1
93 20 1
94 6 1
94 149 -1
95 6 -1
95 212 1
96 6 1
96 45 -1
97 6 -1
97 97 1
98 6 -1
98 7 1
99 6 1
99 132 -1
100 6 -1
100 183 1
101 6 -1
101 233 1
102 7 -1
102 97 1
103 7 -1
103 166 1
104 7 -1
104 119 1
105 7 1
105 138 -1
106 7 -1
106 21 1
107 7 -1
107 92 1
108 7 1
108 153 -1
109 7 -1
109 79 1
110 7 -1
110 41 1
111 7 1
111 241 -1
112 7 1
112 132 -1
113 7 1
113 173 -1
114 7 1
114 242 -1
115 8 1
116 8 1
117 8 1
117 126 -1
118 8 -1
118 48 1
119 8 -1
119 100 1
120 8 -1
120 113 1
121 8 1
121 247 -1
122 8 -1
122 218 1
123 8 -1
123 179 1
124 8 -1
124 215 1
125 8 -1
125 225 1
126 9 -1
126 207 1
127 9 -1
127 130 1
128 9 -1
128 220 1
129 9 -1
129 133 1
130 9 -1
130 186 1
131 9 -1
131 158 1
132 9 -1
132 34 1
133 9 -1
133 104 1
134 9 -1
134 239 1
135 9 1
135 15 -1
136 9 1
136 74 -1
137 9 1
137 62 -1
138 9 1
138 232 -1
139 10 1
140 10 -1
140 58 1
141 10 -1
141 111 1
142 10 -1
142 207 1
143 10 -1
143 160 1
144 10 -1
144 178 1
145 10 1
145 41 -1
146 10 1
146 173 -1
147 10 1
147 107 -1
148 10 -1
148 220 1
149 10 1
149 63 -1
150 10 1
150 15 -1
151 10 -1
151 74 1
152 11 -1
152 85 1
153 11 -1
153 108 1
154 11 -1
154 209 1
155 11 -1
155 34 1
156 11 1
156 226 -1
157 11 1
157 240 -1
158 11 1
158 54 -1
159 11 1
159 23 -1
160 11 -1
160 15 1
161 11 1
161 232 -1
162 11 1
162 113 -1
163 11 -1
163 229 1
164 11 1
164 126 -1
165 11 1
165 114 -1
166 11 1
166 237 -1
167 11 -1
167 110 1
168 11 1
168 48 -1
169 12 1
170 12 1
170 230 -1
171 12 -1
171 243 1
172 12 -1
172 127 1
173 12 -1
173 191 1
174 12 -1
174 36 1
175 12 -1
175 25 1
176 12 -1
176 189 1
177 12 -1
177 244 1
178 12 -1
178 223 1
179 12 1
179 141 -1
180 12 1
180 47 -1
181 13 1
182 13 -1
182 190 1
183 13 1
183 25 -1
184 13 -1
184 72 1
185 13 -1
185 112 1
186 13 -1
186 228 1
187 13 -1
187 243 1
188 13 1
188 235 -1
189 14 1
190 14 1
191 14 1
191 62 -1
192 14 -1
192 110 1
193 14 -1
193 231 1
194 14 -1
194 232 1
195 14 -1
195 100 1
196 14 -1
196 74 1
197 14 -1
197 23 1
198 15 -1
198 52 1
199 15 1
199 85 -1
200 15 -1
200 237 1
201 15 -1
201 63 1
202 15 -1
202 74 1
203 15 1
203 110 -1
204 15 1
204 232 -1
205 15 -1
205 34 1
206 15 1
206 60 -1
207 15 -1
207 207 1
208 15 1
208 128 -1
209 15 -1
209 209 1
210 15 -1
210 211 1
211 15 1
211 78 -1
212 15 -1
212 48 1
213 16 1
214 16 1
215 16 -1
215 145 1
216 16 -1
216 129 1
217 16 -1
217 42 1
218 16 -1
218 144 1
219 16 -1
219 248 1
220 16 -1
220 70 1
221 16 -1
221 199 1
222 16 1
222 69 -1
223 17 1
224 17 1
225 17 1
225 150 -1
226 17 -1
226 77 1
227 17 -1
227 97 1
228 17 -1
228 21 1
229 17 -1
229 119 1
230 17 -1
230 89 1
231 17 -1
231 166 1
232 17 -1
232 117 1
233 17 -1
233 170 1
234 17 -1
234 45 1
235 18 -1
235 94 1
236 18 -1
236 22 1
237 18 1
237 181 -1
238 18 1
238 157 -1
239 18 1
239 214 -1
240 18 1
240 238 -1
241 18 -1
241 125 1
242 18 1
242 200 -1
243 18 -1
243 187 1
244 18 -1
244 195 1
245 18 -1
245 105 1
246 18 1
246 136 -1
247 18 1
247 203 -1
248 18 1
248 151 -1
249 18 -1
249 140 1
250 19 1
251 19 1
252 19 1
253 19 -1
253 151 1
254 19 -1
254 222 1
255 19 -1
255 213 1
256 19 -1
256 136 1
257 19 -1
257 157 1
258 19 -1
258 101 1
259 20 1
260 20 -1
260 31 1
261 20 1
261 115 -1
262 20 -1
262 212 1
263 20 -1
263 183 1
264 20 1
264 65 -1
265 20 -1
265 92 1
266 20 -1
266 236 1
267 21 1
268 21 -1
268 77 1
269 21 1
269 119 -1
270 21 1
270 89 -1
271 21 -1
271 41 1
272 21 1
272 97 -1
273 21 1
273 173 -1
274 21 1
274 58 -1
275 21 -1
275 132 1
276 22 1
277 22 1
278 22 -1
278 94 1
279 22 1
279 181 -1
280 22 -1
280 157 1
281 22 1
281 136 -1
282 22 -1
282 71 1
283 22 1
283 187 -1
284 22 -1
284 40 1
285 23 1
286 23 1
286 113 -1
287 23 -1
287 100 1
288 23 -1
288 126 1
289 23 -1
289 232 1
290 23 -1
290 54 1
291 23 1
291 231 -1
292 23 -1
292 108 1
293 23 1
293 110 -1
294 24 1
294 223 -1
295 24 -1
295 244 1
296 24 1
296 95 -1
297 24 -1
297 103 1
298 24 1
298 68 -1
299 24 -1
299 176 1
300 24 1
300 53 -1
301 24 1
301 246 -1
302 24 1
302 202 -1
303 24 1
303 39 -1
304 24 1
304 127 -1
305 24 1
305 112 -1
306 24 1
306 230 -1
307 25 1
308 25 -1
308 228 1
309 25 1
309 243 -1
310 25 1
310 112 -1
311 25 -1
311 72 1
312 25 -1
312 191 1
313 25 -1
313 47 1
314 25 1
314 141 -1
315 25 1
315 244 -1
316 26 1
317 26 1
317 214 -1
318 26 -1
318 161 1
319 26 -1
319 181 1
320 26 -1
320 116 1
321 26 -1
321 94 1
322 27 1
323 27 1
323 67 -1
324 27 -1
324 175 1
325 27 -1
325 154 1
326 27 -1
326 155 1
327 27 -1
327 188 1
328 27 -1
328 146 1
329 27 1
329 37 -1
330 27 -1
330 204 1
331 27 -1
331 38 1
332 27 1
332 129 -1
333 27 -1
333 84 1
334 27 -1
334 169 1
335 28 1
336 28 -1
336 57 1
337 28 1
337 164 -1
338 28 1
338 122 -1
339 28 1
339 102 -1
340 28 1
340 88 -1
341 28 1
341 80 -1
342 28 -1
342 43 1
343 28 1
343 192 -1
344 28 1
344 121 -1
345 28 -1
345 172 1
346 29 1
347 29 1
348 29 -1
348 149 1
349 29 -1
349 31 1
350 29 -1
350 236 1
351 29 -1
351 45 1
352 29 1
352 205 -1
353 29 1
353 212 -1
354 30 1
355 30 -1
355 206 1
356 30 -1
356 48 1
357 30 -1
357 247 1
358 30 -1
358 225 1
359 30 -1
359 118 1
360 30 1
360 128 -1
361 30 1
361 201 -1
362 30 -1
362 237 1
363 30 -1
363 110 1
364 30 1
364 126 -1
365 30 1
365 100 -1
366 30 1
366 82 -1
367 31 1
368 31 -1
368 149 1
369 31 -1
369 117 1
370 31 -1
370 115 1
371 31 -1
371 236 1
372 31 1
372 212 -1
373 32 -1
373 37 1
374 32 1
374 214 -1
375 32 -1
375 116 1
376 32 -1
376 195 1
377 32 -1
377 161 1
378 32 -1
378 181 1
379 32 -1
379 105 1
380 32 -1
380 188 1
381 32 -1
381 174 1
382 32 -1
382 159 1
383 32 1
383 204 -1
384 32 1
384 241 -1
385 33 -1
385 152 1
386 33 1
386 224 -1
387 33 1
387 64 -1
388 33 -1
388 140 1
389 33 -1
389 138 1
390 33 1
390 238 -1
391 33 -1
391 101 1
392 33 -1
392 184 1
393 33 1
393 60 -1
394 33 -1
394 107 1
395 33 -1
395 200 1
396 33 -1
396 167 1
397 33 1
397 165 -1
398 34 -1
398 240 1
399 34 -1
399 85 1
400 34 1
400 133 -1
401 34 -1
401 104 1
402 34 1
402 54 -1
403 34 -1
403 210 1
404 34 -1
404 232 1
405 34 1
405 231 -1
406 34 -1
406 207 1
407 34 1
407 62 -1
408 34 1
408 186 -1
409 34 -1
409 63 1
410 35 1
411 35 -1
411 164 1
412 35 -1
412 216 1
413 35 1
413 80 -1
414 35 1
414 57 -1
415 35 1
415 210 -1
416 35 1
416 139 -1
417 35 1
417 158 -1
418 36 1
419 36 1
420 36 1
420 189 -1
421 36 1
421 141 -1
422 36 -1
422 191 1
423 36 -1
423 47 1
424 36 1
424 243 -1
425 37 -1
425 116 1
426 37 1
426 195 -1
427 37 1
427 175 -1
428 37 1
428 188 -1
429 37 1
429 169 -1
430 37 1
430 204 -1
431 37 1
431 105 -1
432 37 -1
432 181 1
433 37 1
433 146 -1
434 37 1
434 174 -1
435 37 -1
435 70 1
436 37 1
436 159 -1
437 37 -1
437 81 1
438 37 -1
438 46 1
439 37 1
439 84 -1
440 38 -1
440 180 1
441 38 -1
441 91 1
442 38 -1
442 67 1
443 38 -1
443 154 1
444 38 -1
444 155 1
445 38 1
445 163 -1
446 38 -1
446 188 1
447 38 -1
447 103 1
448 38 1
448 219 -1
449 38 1
449 73 -1
450 38 -1
450 176 1
451 38 1
451 65 -1
452 38 1
452 121 -1
453 38 1
453 84 -1
454 39 1
455 39 1
455 83 -1
456 39 -1
456 109 1
457 39 -1
457 223 1
458 39 -1
458 75 1
459 39 -1
459 68 1
460 39 -1
460 134 1
461 39 -1
461 171 1
462 39 -1
462 103 1
463 39 -1
463 43 1
464 39 -1
464 87 1
465 39 -1
465 229 1
466 39 -1
466 172 1
467 40 1
468 40 1
468 185 -1
469 40 1
469 187 -1
470 40 -1
470 125 1
471 40 -1
471 136 1
472 40 -1
472 213 1
473 40 1
473 120 -1
474 40 -1
474 234 1
475 40 -1
475 93 1
476 40 -1
476 195 1
477 40 -1
477 82 1
478 40 -1
478 181 1
479 40 -1
479 71 1
480 40 -1
480 177 1
481 41 -1
481 107 1
482 41 -1
482 119 1
483 41 -1
483 58 1
484 41 -1
484 138 1
485 41 -1
485 224 1
486 41 -1
486 184 1
487 41 -1
487 89 1
488 41 1
488 173 -1
489 41 -1
489 249 1
490 41 -1
490 63 1
491 41 -1
491 207 1
492 41 -1
492 153 1
493 41 1
493 242 -1
494 41 -1
494 132 1
495 42 1
496 42 -1
496 129 1
497 42 1
497 175 -1
498 42 -1
498 70 1
499 42 1
499 144 -1
500 42 -1
500 98 1
501 42 1
501 248 -1
502 42 1
502 46 -1
503 42 -1
503 155 1
504 43 1
504 75 -1
505 43 1
505 216 -1
506 43 -1
506 139 1
507 43 -1
507 114 1
508 43 -1
508 134 1
509 43 -1
509 55 1
510 43 -1
510 229 1
511 43 -1
511 83 1
512 43 -1
512 164 1
513 43 1
513 172 -1
514 43 1
514 226 -1
515 43 1
515 102 -1
516 43 -1
516 121 1
517 44 1
518 44 -1
518 59 1
519 44 1
519 186 -1
520 44 -1
520 182 1
521 44 -1
521 104 1
522 44 -1
522 96 1
523 44 1
523 158 -1
524 44 -1
524 210 1
525 45 1
526 45 1
527 45 -1
527 205 1
528 45 -1
528 149 1
529 45 -1
529 117 1
530 45 -1
530 79 1
531 45 -1
531 236 1
532 45 1
532 241 -1
533 45 -1
533 97 1
534 45 -1
534 159 1
535 45 1
535 170 -1
536 46 1
537 46 1
538 46 -1
538 98 1
539 46 -1
539 208 1
540 46 1
540 70 -1
541 46 -1
541 175 1
542 46 -1
542 84 1
543 46 1
543 116 -1
544 47 1
545 47 -1
545 141 1
546 47 -1
546 228 1
547 47 1
547 177 -1
548 47 -1
548 196 1
549 47 -1
549 197 1
550 47 -1
550 156 1
551 47 -1
551 243 1
552 47 -1
552 227 1
553 47 -1
553 191 1
554 48 -1
554 247 1
555 48 -1
555 126 1
556 48 -1
556 218 1
557 48 -1
557 179 1
558 48 -1
558 206 1
559 48 -1
559 237 1
560 48 -1
560 82 1
561 48 1
561 227 -1
562 48 -1
562 215 1
563 48 -1
563 209 1
564 48 -1
564 156 1
565 48 -1
565 128 1
566 48 1
566 78 -1
567 48 -1
567 201 1
568 48 1
568 148 -1
569 49 1
570 49 1
571 49 1
571 194 -1
572 49 1
572 236 -1
573 49 1
573 61 -1
574 49 -1
574 56 1
575 49 1
575 205 -1
576 49 -1
576 219 1
577 49 -1
577 212 1
578 49 -1
578 84 1
579 49 -1
579 159 1
580 50 1
581 50 1
582 50 -1
582 56 1
583 50 1
583 162 -1
584 50 -1
584 194 1
585 50 -1
585 61 1
586 50 -1
586 65 1
587 50 -1
587 168 1
588 50 -1
588 115 1
589 50 -1
589 124 1
590 51 1
591 51 1
592 51 -1
592 143 1
593 51 1
593 165 -1
594 51 1
594 167 -1
595 51 1
595 184 -1
596 51 1
596 101 -1
597 52 1
598 52 -1
598 237 1
599 52 -1
599 110 1
600 52 -1
600 74 1
601 52 1
601 232 -1
602 52 -1
602 128 1
603 52 1
603 60 -1
604 53 -1
604 163 1
605 53 1
605 226 -1
606 53 -1
606 217 1
607 53 1
607 95 -1
608 53 -1
608 211 1
609 53 1
609 176 -1
610 53 1
610 209 -1
611 53 1
611 103 -1
612 53 1
612 90 -1
613 53 1
613 78 -1
614 53 1
614 68 -1
615 53 1
615 229 -1
616 53 1
616 202 -1
617 53 1
617 242 -1
618 54 1
619 54 -1
619 231 1
620 54 -1
620 232 1
621 54 1
621 104 -1
622 54 1
622 85 -1
623 54 -1
623 240 1
624 54 -1
624 108 1
625 54 -1
625 139 1
626 54 -1
626 114 1
627 55 1
628 55 -1
628 75 1
629 55 1
629 83 -1
630 55 1
630 172 -1
631 55 -1
631 198 1
632 55 -1
632 87 1
633 55 1
633 216 -1
634 56 1
635 56 1
636 56 1
637 56 1
637 162 -1
638 56 1
638 61 -1
639 56 -1
639 194 1
640 57 1
641 57 -1
641 164 1
642 57 -1
642 216 1
643 57 1
643 88 -1
644 57 -1
644 172 1
645 57 -1
645 121 1
646 57 -1
646 198 1
647 57 -1
647 192 1
648 57 -1
648 233 1
649 57 -1
649 183 1
650 58 1
651 58 -1
651 160 1
652 58 -1
652 111 1
653 58 -1
653 178 1
654 58 1
654 173 -1
655 58 1
655 107 -1
656 58 -1
656 77 1
657 58 -1
657 89 1
658 59 1
659 59 1
660 59 1
661 59 -1
661 96 1
662 59 -1
662 186 1
663 59 -1
663 182 1
664 59 -1
664 66 1
665 60 1
666 60 -1
666 128 1
667 60 -1
667 201 1
668 60 -1
668 64 1
669 60 -1
669 63 1
670 60 -1
670 148 1
671 60 1
671 86 -1
672 60 -1
672 237 1
673 60 -1
673 224 1
674 60 -1
674 151 1
675 60 1
675 211 -1
676 60 1
676 78 -1
677 60 1
677 101 -1
678 61 1
679 61 1
680 61 -1
680 162 1
681 61 1
681 219 -1
682 61 -1
682 194 1
683 61 1
683 65 -1
684 61 -1
684 84 1
685 61 1
685 236 -1
686 62 1
687 62 1
688 62 -1
688 231 1
689 62 -1
689 232 1
690 62 -1
690 74 1
691 62 -1
691 110 1
692 62 -1
692 186 1
693 62 -1
693 104 1
694 62 -1
694 96 1
695 63 -1
695 224 1
696 63 -1
696 242 1
697 63 -1
697 152 1
698 63 1
698 207 -1
699 63 -1
699 85 1
700 63 1
700 86 -1
701 63 -1
701 64 1
702 63 1
702 211 -1
703 63 1
703 240 -1
704 63 1
704 226 -1
705 63 1
705 209 -1
706 64 -1
706 238 1
707 64 -1
707 203 1
708 64 1
708 152 -1
709 64 -1
709 86 1
710 64 -1
710 224 1
711 64 1
711 135 -1
712 64 1
712 201 -1
713 64 1
713 101 -1
714 64 1
714 148 -1
715 64 1
715 151 -1
716 65 1
717 65 -1
717 219 1
718 65 -1
718 168 1
719 65 -1
719 115 1
720 65 1
720 99 -1
721 65 -1
721 91 1
722 65 -1
722 162 1
723 65 -1
723 212 1
724 65 1
724 124 -1
725 65 -1
725 236 1
726 65 1
726 194 -1
727 65 1
727 180 -1
728 66 1
729 66 1
730 66 -1
730 220 1
731 66 -1
731 186 1
732 66 1
732 96 -1
733 66 -1
733 130 1
734 66 -1
734 74 1
735 67 1
735 154 -1
736 67 1
736 73 -1
737 67 1
737 146 -1
738 67 -1
738 204 1
739 67 1
739 155 -1
740 67 -1
740 176 1
741 67 1
741 180 -1
742 67 -1
742 175 1
743 67 -1
743 188 1
744 67 -1
744 246 1
745 67 -1
745 127 1
746 67 -1
746 131 1
747 67 1
747 169 -1
748 67 1
748 129 -1
749 67 1
749 199 -1
750 68 1
751 68 1
751 229 -1
752 68 -1
752 134 1
753 68 1
753 223 -1
754 68 -1
754 202 1
755 68 -1
755 235 1
756 69 1
757 69 1
757 120 -1
758 69 1
758 234 -1
759 69 -1
759 169 1
760 69 1
760 129 -1
761 69 -1
761 145 1
762 69 1
762 81 -1
763 69 1
763 199 -1
764 69 -1
764 70 1
765 69 -1
765 71 1
766 70 -1
766 144 1
767 70 1
767 98 -1
768 70 -1
768 129 1
769 70 -1
769 175 1
770 70 1
770 81 -1
771 70 1
771 145 -1
772 70 1
772 169 -1
773 70 -1
773 116 1
774 70 1
774 120 -1
775 71 1
776 71 1
777 71 1
777 81 -1
778 71 -1
778 181 1
779 71 -1
779 120 1
780 71 -1
780 136 1
781 72 1
782 72 1
783 72 -1
783 228 1
784 72 -1
784 190 1
785 72 -1
785 191 1
786 72 -1
786 243 1
787 72 -1
787 245 1
788 73 -1
788 146 1
789 73 -1
789 204 1
790 73 -1
790 90 1
791 73 -1
791 131 1
792 73 -1
792 147 1
793 73 1
793 217 -1
794 73 1
794 180 -1
795 73 1
795 176 -1
796 73 1
796 246 -1
797 73 1
797 163 -1
798 73 1
798 188 -1
799 74 1
800 74 -1
800 110 1
801 74 1
801 232 -1
802 74 -1
802 220 1
803 74 1
803 186 -1
804 74 -1
804 207 1
805 75 1
806 75 1
806 83 -1
807 75 -1
807 134 1
808 75 -1
808 114 1
809 75 -1
809 216 1
810 75 -1
810 172 1
811 76 1
812 76 1
813 76 -1
813 222 1
814 76 1
814 206 -1
815 76 1
815 201 -1
816 76 -1
816 151 1
817 76 1
817 221 -1
818 76 1
818 135 -1
819 77 1
820 77 1
820 89 -1
821 77 -1
821 119 1
822 77 -1
822 97 1
823 77 -1
823 150 1
824 78 1
824 211 -1
825 78 1
825 209 -1
826 78 -1
826 227 1
827 78 -1
827 217 1
828 78 -1
828 86 1
829 78 -1
829 95 1
830 78 -1
830 131 1
831 78 1
831 148 -1
832 78 -1
832 82 1
833 78 -1
833 128 1
834 79 -1
834 212 1
835 79 -1
835 205 1
836 79 -1
836 92 1
837 79 -1
837 241 1
838 79 1
838 149 -1
839 79 -1
839 117 1
840 79 -1
840 97 1
841 79 1
841 166 -1
842 79 1
842 170 -1
843 80 1
844 80 1
845 80 -1
845 123 1
846 80 -1
846 164 1
847 80 1
847 216 -1
848 80 -1
848 158 1
849 80 -1
849 182 1
850 80 1
850 210 -1
851 80 -1
851 192 1
852 81 1
853 81 1
854 81 -1
854 144 1
855 81 -1
855 248 1
856 81 -1
856 181 1
857 81 -1
857 145 1
858 81 -1
858 116 1
859 81 1
859 120 -1
860 81 -1
860 169 1
861 82 1
862 82 1
862 196 -1
863 82 -1
863 197 1
864 82 -1
864 177 1
865 82 1
865 148 -1
866 82 -1
866 227 1
867 82 -1
867 218 1
868 82 -1
868 211 1
869 82 -1
869 135 1
870 82 -1
870 179 1
871 82 -1
871 185 1
872 82 -1
872 221 1
873 82 1
873 131 -1
874 82 1
874 234 -1
875 82 -1
875 93 1
876 82 -1
876 201 1
877 82 1
877 120 -1
878 82 -1
878 206 1
879 83 1
880 83 -1
880 171 1
881 83 -1
881 87 1
882 83 1
882 142 -1
883 83 1
883 109 -1
884 83 -1
884 134 1
885 83 1
885 172 -1
886 84 1
887 84 1
888 84 -1
888 219 1
889 84 -1
889 162 1
890 84 1
890 188 -1
891 84 -1
891 155 1
892 84 -1
892 175 1
893 84 -1
893 91 1
894 84 1
894 159 -1
895 84 -1
895 116 1
896 85 -1
896 240 1
897 85 -1
897 232 1
898 85 1
898 226 -1
899 85 1
899 209 -1
900 86 1
900 211 -1
901 86 1
901 203 -1
902 86 1
902 217 -1
903 86 -1
903 90 1
904 86 1
904 148 -1
905 86 -1
905 105 1
906 86 -1
906 152 1
907 86 -1
907 147 1
908 86 -1
908 131 1
909 86 -1
909 125 1
910 86 1
910 204 -1
911 86 -1
911 93 1
912 86 -1
912 242 1
913 87 1
914 87 1
915 87 -1
915 142 1
916 87 1
916 109 -1
917 87 -1
917 171 1
918 87 -1
918 172 1
919 87 -1
919 198 1
920 87 -1
920 121 1
921 87 -1
921 91 1
922 88 -1
922 122 1
923 88 -1
923 102 1
924 88 1
924 233 -1
925 88 1
925 239 -1
926 88 1
926 121 -1
927 88 -1
927 132 1
928 88 -1
928 183 1
929 88 -1
929 192 1
930 88 1
930 242 -1
931 88 1
931 163 -1
932 89 1
933 89 1
934 89 1
934 249 -1
935 89 -1
935 119 1
936 89 -1
936 150 1
937 89 -1
937 137 1
938 89 1
938 184 -1
939 89 -1
939 107 1
940 89 1
940 160 -1
941 90 1
941 147 -1
942 90 -1
942 217 1
943 90 1
943 146 -1
944 90 1
944 204 -1
945 90 -1
945 131 1
946 90 -1
946 163 1
947 90 -1
947 105 1
948 90 -1
948 174 1
949 90 -1
949 211 1
950 90 -1
950 203 1
951 90 -1
951 152 1
952 90 -1
952 242 1
953 91 1
954 91 1
954 99 -1
955 91 1
955 121 -1
956 91 -1
956 124 1
957 91 -1
957 219 1
958 91 -1
958 155 1
959 91 1
959 103 -1
960 91 -1
960 162 1
961 91 -1
961 109 1
962 91 -1
962 172 1
963 92 1
963 212 -1
964 92 1
964 241 -1
965 92 -1
965 153 1
966 92 1
966 97 -1
967 92 1
967 132 -1
968 92 -1
968 242 1
969 92 -1
969 233 1
970 92 -1
970 183 1
971 93 -1
971 169 1
972 93 -1
972 195 1
973 93 -1
973 204 1
974 93 -1
974 105 1
975 93 -1
975 120 1
976 93 -1
976 131 1
977 93 1
977 125 -1
978 93 1
978 234 -1
979 93 1
979 185 -1
980 93 -1
980 148 1
981 93 1
981 181 -1
982 93 1
982 177 -1
983 94 1
984 94 1
984 157 -1
985 94 -1
985 181 1
986 94 -1
986 200 1
987 94 -1
987 214 1
988 94 -1
988 161 1
989 94 1
989 140 -1
990 95 -1
990 244 1
991 95 -1
991 131 1
992 95 1
992 246 -1
993 95 1
993 227 -1
994 95 1
994 176 -1
995 95 1
995 217 -1
996 95 1
996 202 -1
997 95 1
997 156 -1
998 95 1
998 209 -1
999 95 -1
999 112 1
1000 95 1
1000 141 -1
1001 95 -1
1001 177 1
1002 96 1
1003 96 1
1004 96 -1
1004 186 1
1005 97 1
1006 97 1
1006 166 -1
1007 97 1
1007 119 -1
1008 97 -1
1008 170 1
1009 97 -1
1009 117 1
1010 97 -1
1010 150 1
1011 97 -1
1011 132 1
1012 98 1
1013 98 -1
1013 144 1
1014 98 -1
1014 248 1
1015 98 -1
1015 208 1
1016 98 1
1016 175 -1
1017 98 1
1017 116 -1
1018 99 1
1019 99 -1
1019 168 1
1020 99 -1
1020 124 1
1021 99 -1
1021 115 1
1022 99 1
1022 183 -1
1023 99 -1
1023 121 1
1024 100 1
1025 100 1
1026 100 -1
1026 126 1
1027 100 -1
1027 110 1
1028 100 -1
1028 232 1
1029 100 -1
1029 247 1
1030 100 -1
1030 225 1
1031 101 1
1032 101 1
1033 101 -1
1033 200 1
1034 101 -1
1034 167 1
1035 101 1
1035 157 -1
1036 101 1
1036 238 -1
1037 101 1
1037 143 -1
1038 101 1
1038 184 -1
1039 101 1
1039 140 -1
1040 101 -1
1040 151 1
1041 101 -1
1041 201 1
1042 101 -1
1042 128 1
1043 102 1
1043 122 -1
1044 102 -1
1044 239 1
1045 102 1
1045 164 -1
1046 102 1
1046 133 -1
1047 102 1
1047 139 -1
1048 102 1
1048 240 -1
1049 102 -1
1049 242 1
1050 102 1
1050 210 -1
1051 102 -1
1051 226 1
1052 102 1
1052 121 -1
1053 102 1
1053 163 -1
1054 102 1
1054 207 -1
1055 103 1
1056 103 1
1056 176 -1
1057 103 1
1057 246 -1
1058 103 1
1058 127 -1
1059 103 -1
1059 109 1
1060 103 1
1060 154 -1
1061 103 -1
1061 163 1
1062 103 -1
1062 223 1
1063 103 -1
1063 155 1
1064 103 -1
1064 230 1
1065 104 1
1066 104 -1
1066 210 1
1067 104 1
1067 133 -1
1068 104 -1
1068 158 1
1069 104 -1
1069 186 1
1070 104 -1
1070 240 1
1071 104 -1
1071 231 1
1072 104 -1
1072 139 1
1073 104 -1
1073 114 1
1074 105 -1
1074 195 1
1075 105 -1
1075 203 1
1076 105 -1
1076 204 1
1077 105 -1
1077 125 1
1078 105 -1
1078 174 1
1079 105 -1
1079 238 1
1080 105 1
1080 214 -1
1081 105 -1
1081 148 1
1082 106 1
1083 106 1
1083 239 -1
1084 106 -1
1084 192 1
1085 106 1
1085 173 -1
1086 106 -1
1086 132 1
1087 106 -1
1087 233 1
1088 106 -1
1088 178 1
1089 106 -1
1089 130 1
1090 106 -1
1090 207 1
1091 107 1
1092 107 -1
1092 184 1
1093 107 1
1093 160 -1
1094 107 1
1094 224 -1
1095 108 1
1096 108 -1
1096 215 1
1097 108 -1
1097 202 1
1098 108 -1
1098 113 1
1099 108 -1
1099 229 1
1100 108 -1
1100 114 1
1101 109 1
1102 109 -1
1102 142 1
1103 109 1
1103 171 -1
1104 109 1
1104 223 -1
1105 109 -1
1105 127 1
1106 109 -1
1106 230 1
1107 109 1
1107 172 -1
1108 109 1
1108 121 -1
1109 109 -1
1109 155 1
1110 110 1
1111 110 -1
1111 237 1
1112 110 -1
1112 232 1
1113 110 1
1113 126 -1
1114 110 1
1114 225 -1
1115 111 1
1116 111 1
1117 111 1
1117 178 -1
1118 111 1
1118 160 -1
1119 111 -1
1119 220 1
1120 112 -1
1120 245 1
1121 112 1
1121 190 -1
1122 112 -1
1122 228 1
1123 112 -1
1123 156 1
1124 112 1
1124 235 -1
1125 112 1
1125 202 -1
1126 112 1
1126 243 -1
1127 112 1
1127 223 -1
1128 112 1
1128 244 -1
1129 113 1
1130 113 1
1130 126 -1
1131 113 -1
1131 215 1
1132 114 1
1133 114 -1
1133 134 1
1134 114 -1
1134 229 1
1135 114 -1
1135 139 1
1136 114 1
1136 226 -1
1137 114 -1
1137 216 1
1138 114 -1
1138 240 1
1139 115 1
1140 115 1
1140 168 -1
1141 115 1
1141 183 -1
1142 115 -1
1142 236 1
1143 115 -1
1143 194 1
1144 116 1
1145 116 -1
1145 214 1
1146 116 -1
1146 161 1
1147 116 -1
1147 181 1
1148 116 -1
1148 159 1
1149 116 -1
1149 175 1
1150 117 1
1151 117 1
1152 117 -1
1152 149 1
1153 118 1
1154 118 1
1155 118 -1
1155 225 1
1156 118 1
1156 247 -1
1157 118 -1
1157 206 1
1158 119 -1
1158 166 1
1159 119 -1
1159 138 1
1160 119 -1
1160 249 1
1161 119 -1
1161 184 1
1162 119 1
1162 150 -1
1163 120 1
1164 120 1
1164 234 -1
1165 120 -1
1165 169 1
1166 120 -1
1166 185 1
1167 120 -1
1167 195 1
1168 120 -1
1168 129 1
1169 120 1
1169 181 -1
1170 120 -1
1170 148 1
1171 121 1
1172 121 -1
1172 183 1
1173 121 1
1173 233 -1
1174 121 -1
1174 122 1
1175 121 -1
1175 163 1
1176 121 1
1176 172 -1
1177 121 1
1177 124 -1
1178 121 -1
1178 242 1
1179 121 1
1179 180 -1
1180 121 -1
1180 198 1
1181 122 -1
1181 239 1
1182 122 1
1182 164 -1
1183 122 1
1183 133 -1
1184 122 -1
1184 192 1
1185 122 1
1185 158 -1
1186 122 -1
1186 242 1
1187 122 1
1187 210 -1
1188 123 1
1189 123 -1
1189 182 1
1190 123 1
1190 158 -1
1191 123 1
1191 210 -1
1192 123 1
1192 192 -1
1193 123 1
1193 164 -1
1194 123 -1
1194 130 1
1195 124 1
1196 124 1
1197 124 1
1197 168 -1
1198 124 -1
1198 183 1
1199 124 -1
1199 162 1
1200 124 -1
1200 172 1
1201 124 -1
1201 198 1
1202 125 -1
1202 185 1
1203 125 -1
1203 187 1
1204 125 -1
1204 135 1
1205 125 1
1205 221 -1
1206 125 -1
1206 238 1
1207 125 1
1207 148 -1
1208 125 -1
1208 203 1
1209 125 1
1209 195 -1
1210 125 1
1210 151 -1
1211 126 1
1212 126 1
1212 215 -1
1213 126 1
1213 247 -1
1214 126 1
1214 237 -1
1215 126 1
1215 225 -1
1216 127 1
1217 127 -1
1217 246 1
1218 127 1
1218 176 -1
1219 127 -1
1219 154 1
1220 127 -1
1220 244 1
1221 127 -1
1221 230 1
1222 127 1
1222 189 -1
1223 127 1
1223 199 -1
1224 127 1
1224 169 -1
1225 127 1
1225 129 -1
1226 128 1
1227 128 -1
1227 201 1
1228 128 -1
1228 237 1
1229 128 1
1229 148 -1
1230 128 -1
1230 206 1
1231 129 1
1232 129 1
1232 175 -1
1233 129 1
1233 144 -1
1234 129 1
1234 145 -1
1235 129 -1
1235 199 1
1236 129 1
1236 169 -1
1237 129 -1
1237 154 1
1238 129 -1
1238 155 1
1239 130 1
1240 130 1
1241 130 -1
1241 178 1
1242 130 1
1242 220 -1
1243 130 -1
1243 207 1
1244 130 1
1244 239 -1
1245 130 1
1245 158 -1
1246 130 1
1246 192 -1
1247 130 1
1247 173 -1
1248 131 1
1248 217 -1
1249 131 -1
1249 204 1
1250 131 -1
1250 146 1
1251 131 -1
1251 246 1
1252 131 -1
1252 244 1
1253 131 -1
1253 176 1
1254 131 -1
1254 211 1
1255 131 -1
1255 169 1
1256 131 1
1256 227 -1
1257 131 -1
1257 148 1
1258 131 -1
1258 177 1
1259 131 1
1259 141 -1
1260 131 1
1260 199 -1
1261 132 1
1262 132 -1
1262 233 1
1263 132 1
1263 173 -1
1264 132 -1
1264 239 1
1265 132 -1
1265 192 1
1266 132 1
1266 242 -1
1267 133 1
1267 210 -1
1268 133 1
1268 158 -1
1269 133 -1
1269 240 1
1270 133 -1
1270 139 1
1271 133 -1
1271 207 1
1272 133 1
1272 239 -1
1273 134 1
1274 134 -1
1274 229 1
1275 134 -1
1275 223 1
1276 135 1
1277 135 -1
1277 221 1
1278 135 -1
1278 185 1
1279 135 -1
1279 148 1
1280 135 -1
1280 151 1
1281 135 1
1281 238 -1
1282 135 1
1282 201 -1
1283 135 1
1283 206 -1
1284 136 1
1285 136 1
1286 136 -1
1286 213 1
1287 136 -1
1287 187 1
1288 136 -1
1288 151 1
1289 136 -1
1289 157 1
1290 137 1
1291 137 1
1292 137 1
1293 137 1
1293 150 -1
1294 137 1
1294 249 -1
1295 137 1
1295 193 -1
1296 137 -1
1296 143 1
1297 138 -1
1297 166 1
1298 138 -1
1298 140 1
1299 138 -1
1299 170 1
1300 138 1
1300 224 -1
1301 138 -1
1301 153 1
1302 138 -1
1302 249 1
1303 138 1
1303 184 -1
1304 138 1
1304 165 -1
1305 139 1
1306 139 -1
1306 240 1
1307 139 1
1307 210 -1
1308 139 1
1308 226 -1
1309 139 1
1309 216 -1
1310 139 1
1310 229 -1
1311 139 1
1311 164 -1
1312 140 -1
1312 170 1
1313 140 -1
1313 152 1
1314 140 1
1314 166 -1
1315 140 1
1315 174 -1
1316 140 1
1316 153 -1
1317 140 1
1317 241 -1
1318 140 -1
1318 224 1
1319 140 1
1319 203 -1
1320 140 -1
1320 161 1
1321 140 1
1321 238 -1
1322 140 -1
1322 200 1
1323 140 -1
1323 165 1
1324 140 -1
1324 214 1
1325 140 -1
1325 184 1
1326 140 -1
1326 167 1
1327 141 1
1328 141 1
1328 177 -1
1329 141 -1
1329 228 1
1330 141 1
1330 234 -1
1331 141 1
1331 196 -1
1332 141 -1
1332 244 1
1333 141 1
1333 227 -1
1334 141 -1
1334 189 1
1335 141 -1
1335 156 1
1336 141 1
1336 199 -1
1337 141 1
1337 243 -1
1338 141 1
1338 246 -1
1339 141 -1
1339 169 1
1340 142 1
1341 142 1
1342 142 -1
1342 171 1
1343 143 1
1344 143 1
1345 143 -1
1345 165 1
1346 143 -1
1346 167 1
1347 143 -1
1347 193 1
1348 143 -1
1348 249 1
1349 143 -1
1349 184 1
1350 144 1
1350 248 -1
1351 144 -1
1351 145 1
1352 145 1
1353 145 1
1354 145 1
1355 145 -1
1355 248 1
1356 145 -1
1356 208 1
1357 146 -1
1357 204 1
1358 146 -1
1358 147 1
1359 146 -1
1359 217 1
1360 146 1
1360 180 -1
1361 146 -1
1361 174 1
1362 146 1
1362 188 -1
1363 147 -1
1363 180 1
1364 147 -1
1364 174 1
1365 147 1
1365 163 -1
1366 147 1
1366 153 -1
1367 147 -1
1367 242 1
1368 147 1
1368 152 -1
1369 148 -1
1369 221 1
1370 148 1
1370 185 -1
1371 148 -1
1371 201 1
1372 148 -1
1372 211 1
1373 148 1
1373 203 -1
1374 148 1
1374 238 -1
1375 149 1
1376 149 1
1377 149 -1
1377 205 1
1378 149 -1
1378 212 1
1379 150 1
1380 150 1
1381 150 -1
1381 193 1
1382 150 -1
1382 249 1
1383 150 1
1383 166 -1
1384 150 -1
1384 170 1
1385 151 1
1386 151 1
1387 151 -1
1387 221 1
1388 151 1
1388 213 -1
1389 151 1
1389 187 -1
1390 151 -1
1390 222 1
1391 151 1
1391 201 -1
1392 151 1
1392 238 -1
1393 151 1
1393 157 -1
1394 152 -1
1394 203 1
1395 152 -1
1395 224 1
1396 152 -1
1396 174 1
1397 152 -1
1397 153 1
1398 152 1
1398 238 -1
1399 152 1
1399 242 -1
1400 153 -1
1400 174 1
1401 153 1
1401 242 -1
1402 153 1
1402 224 -1
1403 153 1
1403 241 -1
1404 153 -1
1404 166 1
1405 154 1
1406 154 -1
1406 155 1
1407 154 -1
1407 176 1
1408 154 -1
1408 246 1
1409 154 1
1409 175 -1
1410 154 -1
1410 199 1
1411 155 1
1412 155 -1
1412 175 1
1413 155 -1
1413 219 1
1414 156 1
1414 227 -1
1415 156 -1
1415 245 1
1416 156 -1
1416 196 1
1417 156 -1
1417 190 1
1418 156 -1
1418 228 1
1419 156 1
1419 202 -1
1420 156 -1
1420 218 1
1421 156 -1
1421 215 1
1422 156 -1
1422 244 1
1423 157 1
1424 157 1
1424 200 -1
1425 157 -1
1425 238 1
1426 158 1
1426 210 -1
1427 158 -1
1427 182 1
1428 158 1
1428 239 -1
1429 158 -1
1429 164 1
1430 158 1
1430 192 -1
1431 159 1
1432 159 1
1432 241 -1
1433 159 1
1433 212 -1
1434 159 1
1434 205 -1
1435 159 -1
1435 188 1
1436 159 1
1436 161 -1
1437 159 1
1437 170 -1
1438 159 -1
1438 219 1
1439 160 1
1440 160 1
1441 161 1
1442 161 1
1442 214 -1
1443 161 -1
1443 241 1
1444 161 1
1444 200 -1
1445 161 -1
1445 174 1
1446 161 1
1446 170 -1
1447 162 1
1448 162 -1
1448 219 1
1449 162 -1
1449 168 1
1450 163 1
1450 217 -1
1451 163 -1
1451 180 1
1452 163 1
1452 176 -1
1453 163 -1
1453 242 1
1454 163 1
1454 226 -1
1455 164 1
1456 164 -1
1456 216 1
1457 164 -1
1457 210 1
1458 164 -1
1458 192 1
1459 164 -1
1459 172 1
1460 165 1
1461 165 1
1461 193 -1
1462 165 1
1462 167 -1
1463 165 1
1463 249 -1
1464 165 1
1464 184 -1
1465 165 -1
1465 170 1
1466 166 1
1466 170 -1
1467 166 1
1467 249 -1
1468 166 1
1468 241 -1
1469 166 1
1469 193 -1
1470 167 1
1471 167 1
1472 167 -1
1472 184 1
1473 167 -1
1473 200 1
1474 167 -1
1474 170 1
1475 168 1
1476 168 1
1476 183 -1
1477 169 1
1477 195 -1
1478 169 -1
1478 204 1
1479 169 -1
1479 175 1
1480 169 -1
1480 234 1
1481 169 1
1481 181 -1
1482 169 -1
1482 246 1
1483 169 -1
1483 199 1
1484 169 1
1484 177 -1
1485 170 1
1486 170 1
1486 241 -1
1487 170 -1
1487 193 1
1488 170 -1
1488 249 1
1489 170 -1
1489 205 1
1490 170 -1
1490 200 1
1491 171 1
1492 171 1
1493 171 -1
1493 223 1
1494 171 -1
1494 230 1
1495 171 -1
1495 243 1
1496 172 1
1497 172 -1
1497 198 1
1498 172 -1
1498 216 1
1499 173 1
1500 173 -1
1500 239 1
1501 173 1
1501 178 -1
1502 173 1
1502 207 -1
1503 173 -1
1503 242 1
1504 174 -1
1504 241 1
1505 174 1
1505 180 -1
1506 174 -1
1506 203 1
1507 174 -1
1507 188 1
1508 174 -1
1508 204 1
1509 174 -1
1509 214 1
1510 175 1
1511 176 -1
1511 246 1
1512 176 1
1512 244 -1
1513 176 1
1513 217 -1
1514 177 1
1515 177 1
1515 196 -1
1516 177 1
1516 197 -1
1517 177 1
1517 234 -1
1518 177 1
1518 227 -1
1519 178 1
1520 178 1
1521 178 -1
1521 207 1
1522 178 -1
1522 220 1
1523 179 1
1524 179 1
1525 179 1
1525 218 -1
1526 179 1
1526 197 -1
1527 179 1
1527 247 -1
1528 179 1
1528 206 -1
1529 180 1
1529 188 -1
1530 180 -1
1530 219 1
1531 180 1
1531 242 -1
1532 181 1
1533 181 -1
1533 214 1
1534 181 1
1534 195 -1
1535 181 1
1535 187 -1
1536 182 1
1537 182 1
1538 182 -1
1538 210 1
1539 183 1
1540 183 -1
1540 233 1
1541 184 1
1542 184 -1
1542 249 1
1543 184 -1
1543 224 1
1544 185 1
1545 185 -1
1545 221 1
1546 185 1
1546 187 -1
1547 185 -1
1547 213 1
1548 186 1
1549 186 1
1550 186 1
1550 220 -1
1551 186 -1
1551 231 1
1552 187 -1
1552 221 1
1553 187 1
1553 213 -1
1554 187 1
1554 238 -1
1555 187 1
1555 195 -1
1556 188 -1
1556 219 1
1557 188 -1
1557 241 1
1558 188 -1
1558 212 1
1559 188 -1
1559 204 1
1560 189 1
1561 189 1
1562 189 -1
1562 199 1
1563 189 -1
1563 230 1
1564 189 1
1564 246 -1
1565 189 -1
1565 234 1
1566 189 -1
1566 244 1
1567 190 1
1568 190 1
1569 190 -1
1569 245 1
1570 190 -1
1570 228 1
1571 190 -1
1571 235 1
1572 190 -1
1572 202 1
1573 190 -1
1573 215 1
1574 191 1
1575 191 1
1576 191 1
1577 191 1
1577 243 -1
1578 192 1
1579 192 1
1579 239 -1
1580 192 -1
1580 233 1
1581 193 1
1582 193 -1
1582 249 1
1583 194 1
1584 194 1
1585 194 -1
1585 236 1
1586 195 -1
1586 214 1
1587 195 -1
1587 204 1
1588 196 -1
1588 197 1
1589 196 -1
1589 218 1
1590 196 -1
1590 227 1
1591 196 -1
1591 245 1
1592 196 1
1592 228 -1
1593 197 1
1594 197 1
1594 218 -1
1595 197 -1
1595 245 1
1596 197 -1
1596 228 1
1597 198 1
1598 198 1
1599 198 1
1600 198 -1
1600 216 1
1601 199 1
1602 199 1
1603 199 1
1603 246 -1
1604 199 -1
1604 234 1
1605 200 1
1606 200 1
1606 238 -1
1607 201 1
1608 201 -1
1608 221 1
1609 201 -1
1609 206 1
1610 201 -1
1610 222 1
1611 201 1
1611 238 -1
1612 202 1
1612 215 -1
1613 202 1
1613 235 -1
1614 202 -1
1614 209 1
1615 202 1
1615 229 -1
1616 202 1
1616 227 -1
1617 202 1
1617 223 -1
1618 202 1
1618 226 -1
1619 203 -1
1619 238 1
1620 203 -1
1620 214 1
1621 205 1
1622 205 -1
1622 212 1
1623 205 1
1623 236 -1
1624 205 1
1624 241 -1
1625 206 1
1626 206 1
1627 206 -1
1627 225 1
1628 206 -1
1628 247 1
1629 206 -1
1629 221 1
1630 207 -1
1630 220 1
1631 207 1
1631 239 -1
1632 207 -1
1632 240 1
1633 207 1
1633 242 -1
1634 208 1
1635 208 1
1636 208 -1
1636 248 1
1637 209 -1
1637 211 1
1638 209 -1
1638 227 1
1639 209 -1
1639 226 1
1640 210 1
1641 210 1
1641 240 -1
1642 210 1
1642 216 -1
1643 211 -1
1643 217 1
1644 211 1
1644 226 -1
1645 211 1
1645 242 -1
1646 212 -1
1646 241 1
1647 212 -1
1647 236 1
1648 212 1
1648 219 -1
1649 213 1
1650 213 1
1650 221 -1
1651 213 1
1651 222 -1
1652 215 1
1653 215 -1
1653 235 1
1654 215 -1
1654 229 1
1655 215 -1
1655 245 1
1656 215 -1
1656 218 1
1657 216 1
1658 216 1
1659 217 -1
1659 242 1
1660 218 1
1661 218 1
1662 218 -1
1662 245 1
1663 218 1
1663 227 -1
1664 218 -1
1664 247 1
1665 219 1
1666 219 -1
1666 236 1
1667 220 1
1668 221 1
1669 221 -1
1669 222 1
1670 222 1
1671 222 1
1672 223 1
1673 223 1
1673 235 -1
1674 223 1
1674 244 -1
1675 223 -1
1675 243 1
1676 223 1
1676 230 -1
1677 224 -1
1677 242 1
1678 225 1
1679 225 1
1680 225 1
1681 225 1
1681 247 -1
1682 226 -1
1682 240 1
1683 226 -1
1683 229 1
1684 226 1
1684 242 -1
1685 228 1
1686 228 -1
1686 245 1
1687 228 -1
1687 244 1
1688 229 1
1689 229 -1
1689 235 1
1690 229 -1
1690 240 1
1691 230 1
1692 230 1
1692 243 -1
1693 230 -1
1693 244 1
1694 231 1
1695 231 -1
1695 232 1
1696 233 1
1697 233 1
1697 239 -1
1698 233 1
1698 242 -1
1699 234 1
1700 235 1
1701 235 -1
1701 243 1
1702 236 1
1703 236 1
1704 237 1
1705 239 1
1705 242 -1
1706 240 -1
1706 242 1
1707 243 1
1708 243 1
1709 243 -1
1709 244 1
1710 244 -1
1710 246 1
1711 245 1
1712 245 1
1713 247 1
1714 247 1
1715 248 1
1716 249 1
