0.560507336420 0.010669682081 0.376497297736
0.311334385562 0.718452994838 0.399919304861
0.176410826797 0.165536815025 0.109376755477
0.652039532783 0.604790478508 0.284350359276
0.969468005420 0.903388106357 0.800572028584
0.127330954158 0.417019765297 0.602330865425
0.733614800425 0.553660641239 0.088978435564
0.753128402709 0.360880907385 0.182955606755
0.061587477772 0.229169224004 0.807551222826
0.247640054190 0.195227805216 0.198177487555
0.461097717979 0.127292531677 0.183537710348
0.184043775037 0.354404975290 0.529340929197
0.245887101769 0.949587312821 0.800918347479
0.023889234420 0.715233065344 0.859424544505
0.043376925327 0.016582244609 0.522778557311
0.306883448956 0.179374384322 0.476750675694
0.730579402292 0.965707980473 0.887518092425
0.852778404751 0.279399139878 0.033539748404
0.878969819352 0.396416462187 0.734369394858
0.785953933018 0.100105115549 0.915271129136
0.692348421266 0.679913048615 0.062540472910
0.691788264028 0.226914846372 0.111454730367
0.988129256271 0.422294524786 0.821175162038
0.013882088890 0.230131823175 0.591155365245
0.248382663885 0.720248572368 0.584705699826
0.128307003989 0.751304320675 0.893248213203
0.977168413108 0.538572941836 0.635741135720
0.678726324298 0.836933568311 0.554057133352
0.225878421564 0.582395381079 0.084556315264
0.862149145171 0.643325134731 0.020889941516
0.307269055574 0.096761971951 0.818308927196
0.753552454255 0.648909526052 0.006276744625
0.848642679885 0.633366177492 0.585026968316
0.705331560984 0.266682437005 0.476217679014
0.193182833671 0.319331991468 0.365546440720
0.123260763262 0.538738400014 0.112268611636
0.396996981719 0.959929999416 0.993452603491
0.820762802358 0.686155374592 0.597931992528
0.547160246853 0.806880797155 0.379561245829
0.154081813199 0.809951049043 0.429206512712
0.699911762113 0.423610098936 0.935164912294
0.614366464071 0.166855231912 0.236384065956
0.790700430874 0.917317336807 0.733886797720
0.128211886850 0.660912025969 0.280371678960
0.004441957863 0.210432583954 0.160384462471
0.892045631518 0.564091019415 0.109201860019
0.937287681447 0.995038215131 0.654388954165
0.282321753946 0.684826608264 0.983610599150
0.213791606103 0.235626484692 0.823473823520
0.993692045776 0.837276327177 0.117290275511
0.819413597278 0.970311525755 0.008775479349
0.988563739535 0.066223068595 0.359055856144
0.290234597589 0.058075535473 0.530984307992
0.333894300088 0.605054058039 0.478422240161
0.031522927952 0.274236808625 0.426682532184
0.013949810004 0.797577949950 0.203131500401
0.901949992390 0.982254810403 0.093829560697
0.229654479129 0.614504155402 0.041812700127
0.527075654755 0.084368984560 0.087687446871
0.016011015899 0.132858122563 0.072081947933
0.505049858490 0.173055414488 0.643495986712
0.853212695830 0.924014827030 0.167463168142
0.067974542116 0.108089869829 0.419968685303
0.461039961321 0.259194830927 0.423587949510
0.668599679846 0.278259825818 0.608944734228
0.694070395485 0.827852009897 0.187598125243
0.169094279377 0.011767188580 0.152679929036
0.603245443603 0.797354246082 0.551153391593
0.107333065257 0.645306821856 0.512186409157
0.688473982731 0.704718966731 0.982245720039
0.855395115757 0.865800961741 0.775841287708
0.986128808265 0.609140859256 0.983115584952
0.004747034037 0.749871651023 0.968350938545
0.575950258918 0.666346617643 0.570434382561
0.232354043359 0.006747463060 0.425583801218
0.066446852838 0.698380480645 0.305767003160
0.564163591170 0.023908235729 0.945758251359
0.737314465662 0.199075184903 0.074032088500
0.356758069104 0.453443283486 0.652793498292
0.799301071387 0.583603153217 0.188751761946
0.078948105882 0.464370732841 0.050866310854
0.962398879600 0.751869573252 0.866780109547
0.399741440618 0.453666391222 0.879807577798
0.071452517570 0.837236226761 0.356775184855
0.817534388457 0.942327390323 0.367893176440
0.201510855897 0.298206515025 0.448563956381
0.527611041223 0.426553891176 0.625050376976
0.128127155198 0.970349812437 0.283069767788
0.390558585498 0.532264646372 0.143141536119
0.780064362947 0.105784291457 0.093503284684
0.539840702890 0.559823693926 0.538294092873
0.524282299062 0.872183151973 0.242035832758
0.698414446875 0.547872053867 0.204362133646
0.658838337229 0.617245485560 0.754920807328
0.969005940079 0.405065893823 0.681309206446
0.336666062032 0.658220533557 0.684743304508
0.008851714954 0.019241023662 0.151438923901
0.791538172729 0.362247348155 0.151489388889
0.895978385254 0.950183933723 0.745517878952
0.550157217600 0.809900216745 0.095087593981
0.022401851988 0.133774133808 0.688184739559
0.865851881953 0.126057510406 0.584956479860
0.312917358980 0.488603778540 0.203913002843
0.347252948725 0.821717711946 0.505829157746
0.066020341254 0.289120066317 0.278571207859
0.691982546536 0.506049749782 0.641365792448
0.415727599490 0.341612527278 0.030382059793
0.618190733836 0.051637491765 0.291679541564
0.087747343494 0.420467784425 0.608174723854
0.204368271370 0.915437590168 0.436194942216
0.178565578164 0.052352092088 0.578883292462
0.448524409006 0.067796526643 0.066894593510
0.120622149769 0.642492325299 0.813375027296
0.003937847864 0.295672711750 0.664835566259
0.025292573227 0.567593369870 0.403944474419
0.643573917738 0.764653432195 0.056825572108
0.990749041503 0.665427023632 0.614611868211
0.836611812197 0.530455147251 0.031516599960
0.222964907447 0.044572010878 0.970479910575
0.758984672936 0.259649684189 0.200077227224
0.676549852317 0.641842636561 0.931366723133
0.397376223849 0.710569671462 0.185272802013
0.315122115144 0.487928264048 0.188530435978
0.117628842880 0.353415094691 0.039304492620
0.532749956200 0.886678079252 0.027326563843
0.693350202477 0.386347109359 0.777817256927
0.070934373657 0.202609103188 0.714384618576
0.413287508309 0.886616628744 0.652251902332
0.479186557001 0.143588678309 0.695501467930
0.743058069342 0.889533937198 0.781823398249
0.281945910814 0.169148174975 0.075590425707
0.479090441874 0.637907592129 0.668052677202
0.521419934712 0.437002558539 0.053195547894
0.191380913722 0.339583756486 0.215546162291
0.041955504241 0.643852814060 0.446178449008
0.625812837174 0.313554749880 0.840077602805
0.840785837787 0.300547302936 0.958827345072
0.983634134831 0.043804770154 0.058815715103
0.748191768443 0.293857070353 0.303639695693
0.139158146643 0.508395549955 0.299203889105
0.807534997222 0.365020768958 0.410901537577
0.371264300832 0.709943484035 0.941914574782
0.077786779381 0.999360285404 0.386119344076
0.962811912441 0.068359296252 0.334820681585
0.875917956554 0.915375174016 0.789365443710
0.826716564757 0.956780463501 0.973423107556
0.585117392593 0.648912852322 0.577557653034
0.566855376762 0.566819305021 0.469593912816
0.519466116644 0.379474951188 0.786923163347
0.858269904266 0.602157451112 0.042492818530
0.945049972080 0.194958879395 0.065415431531
0.706315217962 0.179911833344 0.848044971279
0.666712234968 0.349241963437 0.499859651078
0.641374004414 0.447297880847 0.359359945527
0.529891428305 0.897981377058 0.545069028102
0.587323702198 0.959579130062 0.497809376392
0.192560963313 0.542867176900 0.809359255196
0.973705104271 0.265310704781 0.685708021632
0.158883813299 0.349963599837 0.145013785812
0.917535127666 0.603995555264 0.351079951723
0.523505964478 0.045955363343 0.086129827725
0.992124815303 0.513720867680 0.541916186074
0.805743685055 0.997370347005 0.124252629921
0.416258791008 0.638368432168 0.415625528327
0.182264947662 0.562032879297 0.108545638810
0.978858901534 0.134084756644 0.338063114562
0.812285058537 0.335299564558 0.238144494293
0.993602282807 0.115516480121 0.434381123851
0.623938245667 0.795213479865 0.068476751734
0.666763798651 0.662801311822 0.752849757902
0.881839575594 0.368907329314 0.301295451632
0.007272173272 0.951566689779 0.420369304089
0.169578989606 0.814010043940 0.128149666750
0.495693814648 0.271067615084 0.049804074025
0.709452221478 0.507583542944 0.460529023733
0.767444651670 0.857011231378 0.668241294641
0.413061031302 0.780404593648 0.577196409471
0.405905985161 0.605007048646 0.952404480772
0.411340762856 0.120298711382 0.044127092676
0.169046485602 0.356363028573 0.999512270131
0.609684317487 0.669123017218 0.405286175692
0.932833759264 0.539210524518 0.743189968232
0.050494431463 0.285660988279 0.041215818184
0.502701841257 0.664123424699 0.045477054772
0.798930128916 0.077263186618 0.317403332324
0.667593031417 0.381014675667 0.889434161259
0.102811652060 0.119786761489 0.203055343982
0.740663531283 0.366663676508 0.881777283659
0.739538022510 0.706707862851 0.411181537677
0.489809542728 0.953037015392 0.885314910502
0.054509892978 0.614933426986 0.854972087304
0.105496458536 0.912080116502 0.984080944906
0.336350454280 0.389794367064 0.012082664286
0.999156711263 0.169996497487 0.259147944405
0.905992023275 0.866978542053 0.006377962237
0.738681442385 0.545564945193 0.687435575293
0.254441576179 0.502485491375 0.917324780261
0.255772506754 0.488879969389 0.953550180745
0.146781998292 0.841478527268 0.056651443113
0.534582067798 0.943906887164 0.871380375961
0.974967062432 0.258126928065 0.626740581660
0.521308338102 0.162975280915 0.773555774221
0.145243025420 0.564196968778 0.638961485719
0.662773242556 0.374702218976 0.605006219608
0.604575943315 0.642892016974 0.611674548678
0.884435086903 0.612890433187 0.164942890722
0.377169164265 0.044114033126 0.937550446499
0.350840746290 0.198357376946 0.212069070492
0.965600917203 0.965576034890 0.806648333207
0.265879040241 0.442757337949 0.606635823473
0.126295339124 0.380106819526 0.210135114354
0.394801154190 0.459689398239 0.623492872584
0.802973364989 0.634489227583 0.204845059330
0.797848134058 0.264947113868 0.986101186235
0.896177102244 0.546296851240 0.631536486715
0.061969436333 0.428292074722 0.647057633258
0.086670446760 0.590676010505 0.151345088281
0.453363864867 0.559301433957 0.589543146114
0.160918889631 0.380936087831 0.929947876314
0.745958716249 0.833896920200 0.250576297522
0.262778473583 0.056376074024 0.176690445636
0.647475498990 0.316156044156 0.866808135130
0.648205796155 0.029471593657 0.956229818869
0.155281406218 0.757506996644 0.592130443896
0.614447068650 0.280499435767 0.403156762443
0.176793081999 0.012036212493 0.903251476154
0.245570585286 0.473469093552 0.424262200013
0.278761522835 0.520625023705 0.766364803363
0.154019066745 0.669803102188 0.912382290383
0.100343016392 0.589504618608 0.460547731120
0.255024448198 0.983254083040 0.737417112173
0.068012308636 0.147513995391 0.440121603852
0.097286424023 0.154443995544 0.462776576565
0.472900318348 0.527963267611 0.069457319985
0.597627685223 0.659297508037 0.988690603618
0.011505367444 0.654177698486 0.677009308299
0.889617944306 0.740678557452 0.076736978708
0.265247402477 0.070884176030 0.594420482964
0.722358089134 0.313698854680 0.678848661459
0.362379393970 0.367744971175 0.090310485586
0.213678762658 0.394518425659 0.352259980079
0.838458749158 0.544646817884 0.330150968464
0.483655222302 0.449459146858 0.319856011993
0.117838087267 0.858687146447 0.854153586798
0.331549808695 0.720906989996 0.693610252644
0.100683474454 0.590191974345 0.870609918021
0.406138456019 0.789542053703 0.645443796684
0.167932337150 0.123413014694 0.924316707771
0.903703086451 0.959049434367 0.825125274986
0.855330944067 0.122288955992 0.233125377163
