1 -0.0 -1.0 -0.0
2 -0.522245489565 -0.370908351145 0.767910570105
3 -0.248628246806 -0.720994585763 0.646800434594
4 -0.403436153878 0.473292973386 -0.783091968473
5 0.936814017762 0.261660086641 -0.232192797442
6 0.365955989746 -0.914362792147 -0.173253853944
7 0.195110946597 0.976028921247 0.096432688477
8 -0.466300535927 -0.824301909325 -0.321076583509
9 -0.858285948636 0.150543403027 0.490593430632
10 -0.174732753926 0.511637154827 0.841246626445
11 -0.790888498743 0.526080607077 0.312625298743
12 -0.988927526401 -0.011820056167 0.147927799275
13 -0.823680980907 0.126448895114 -0.552775106726
14 -0.788383420538 -0.297925252354 -0.538230551187
15 -0.78934377313 0.60247423466 -0.118157540564
16 -0.161426725839 0.81142235979 -0.56172516965
17 0.235966267322 0.6783954506 0.695772616084
18 -0.853348969137 0.496524597723 0.158930364399
19 -0.322460006539 0.009197555307 0.946538403425
20 0.476308253823 0.290072061613 0.830053399735
21 0.809797494568 0.254455529786 0.528659059464
22 -0.471071932244 0.867507571388 0.159755589061
23 0.371857648943 -0.034070333164 -0.927664325778
24 0.835826713529 0.29969181219 -0.459976654471
25 0.933294237209 0.349958048957 -0.08056817463
26 -0.828719078907 -0.50647559659 0.238132648568
27 -0.258076779797 -0.96138994524 0.095528785828
28 -0.594374530189 -0.725145327246 -0.347682573962
29 0.005240265442 -0.760891428413 -0.648858053649
30 0.694903477209 0.50166080047 -0.515214128916
31 -0.441512456688 0.297622726939 -0.8464558246
32 -0.0 -0.0 -1.0
33 -0.951879206852 -0.032572849839 0.304737567452
34 -0.605450679061 -0.252374352934 -0.754809023003
35 0.57672832026 0.358500643815 -0.734072021667
36 -0.558589085552 0.706005092912 -0.435356224585
37 0.045751844167 0.961552434796 -0.270783463111
38 0.955388925263 0.194644000485 0.22213895327
39 0.930027492867 -0.242801500506 -0.275855567034
40 0.673719055017 -0.642727615212 0.364696925612
41 0.092905469997 -0.97759136916 -0.188901266772
42 0.07323126433 0.851409723919 0.519363710651
43 0.281309250769 -0.89911729014 0.335340430015
44 -0.466128648536 0.521835678342 0.71443096785
45 -0.427124669169 0.524233063721 0.736711756312
46 -0.295403260927 0.448682448804 0.843457748538
47 0.871647466043 0.171511178093 -0.459145522389
48 0.061026524705 0.90114859478 -0.429193398607
49 -0.473627543738 -0.551676726774 -0.686534586855
50 -0.926701240454 0.298977787745 -0.227677608421
51 0.410730845563 0.183084894208 -0.893185363749
52 0.274377532857 -0.464555828387 0.841964875618
53 -0.726349631889 -0.670043754328 0.15315867439
54 -0.169629062916 -0.316133032953 0.933426958305
55 -0.170339979534 -0.904009440889 0.392111236967
56 0.424973910933 -0.818875837259 -0.385797276015
57 -0.375823297767 -0.916783294726 0.135148952521
58 0.86702141236 -0.123474057242 -0.482729766741
59 -0.030429937154 0.574632747665 -0.817845476992
60 0.518725681537 -0.206093469345 0.829728358686
61 -0.617456087106 -0.264807620003 -0.740692179576
62 0.869107429345 -0.361000109721 0.338128965099
63 0.342918760496 -0.690364928158 0.63702667893
64 -0.426780118064 0.8932400415 -0.14135402041
65 0.854804101433 0.237093292699 0.461624001466
66 1.0 0.0 0.0
67 -0.061770991688 0.993359809952 0.097059943114
68 0.734079033622 -0.621301060139 -0.2740674462
69 -0.984961714384 0.126208407737 -0.117990927676
70 0.713070383331 -0.454060294264 0.53419086251
71 -0.930253796931 -0.306519665611 -0.201676889825
72 -0.042712894752 -0.915501481038 0.400040806467
73 -0.183350106423 0.522184214537 -0.83289037968
74 0.61945224738 -0.231689540027 -0.750065910609
75 0.070291681075 -0.785990140225 -0.61423007012
76 -0.98562440777 0.085855023192 0.145510967976
77 0.817039607601 -0.140907426508 -0.559098718265
78 0.507977000139 -0.560840965039 -0.653771197946
79 0.982721084831 0.182556511841 0.030535052215
80 0.117286060032 0.963698394788 0.239852838227
81 -0.670596845004 -0.659477289315 0.339690412506
82 0.518238639 0.853711075399 0.051050100765
83 -0.534831619012 -0.255336432755 0.805455427328
84 0.119997563701 -0.766926408093 0.630416108039
85 0.615284768659 0.420963468661 0.666494119635
86 0.227028354624 0.863125022828 -0.451080171549
87 0.259978995037 0.501574107079 0.825126861305
88 -0.2893568009 0.607066662111 -0.740096419074
89 -0.0 -0.0 -1.0
90 -0.856859483245 0.193052664781 0.478040264615
91 0.291460268957 0.047929724054 -0.95538141764
92 -0.533383650206 -0.243138270774 -0.810176315982
93 -0.156118605218 -0.745831138012 0.647582345865
94 0.304704132122 -0.932226936359 0.195213552284
95 0.880306573861 0.34248144863 -0.328278530156
96 -0.440703336988 -0.513583692938 -0.736214886508
97 0.989842678122 0.0651668201 0.126351723872
98 -0.276447552146 0.91354723 -0.298342436593
99 -0.090612558543 0.895184019106 -0.436388515169
100 -0.866887612944 -0.476587623846 -0.146185167926
101 0.889343265996 -0.425438801561 0.167542177834
102 0.992426205065 0.097818681902 0.074308364074
103 -0.773269155072 -0.027509315966 0.63348090054
104 -0.697181027578 0.301484704119 -0.650419547652
105 -0.056947764886 0.984396497051 -0.166494710634
106 -0.035737810985 -0.485206132455 0.873669169591
107 0.374541579051 0.817993912472 0.436582826873
108 0.27914722183 -0.954017274963 -0.109214777462
109 -0.494491249302 0.382378123993 0.780554530225
110 -0.20292844055 -0.978862156252 -0.025474047044
111 0.56765130351 0.793725777244 -0.218566667543
112 0.340728618219 0.733787068324 0.58775891919
113 -0.838725602422 0.275540977303 -0.469698343268
114 -0.848421714208 -0.29599576338 -0.438824683582
115 -0.85556259113 0.28123105968 0.434651289806
116 -1.0 -0.0 -0.0
117 0.0 0.0 1.0
118 0.096034603623 -0.272891739272 -0.95723949644
119 -0.993688333958 -0.042157231115 -0.103953176099
120 0.248408167808 0.604735004218 0.756696079572
121 0.343823511486 -0.396628091443 0.85115894522
122 0.55949452762 -0.556397560888 0.614318832367
123 -0.453947551072 -0.693579149619 -0.559356401671
124 -0.422874476567 -0.500535177231 -0.755408309077
125 -0.001493481994 -0.778582868297 0.627540027971
126 -0.436755958843 0.823172946097 -0.36280922429
127 -0.990614416925 -0.030040485301 -0.133344089571
128 -0.264011313182 0.200703847821 0.943406588901
129 -0.107123372575 0.982550776712 0.152047868219
130 0.360862442838 -0.925940936541 -0.111407716903
131 0.886494634789 0.461774621023 -0.029857358698
132 0.476831272908 -0.831297778872 0.285615020647
133 0.252866335549 -0.576264644149 -0.777160006852
134 0.826701084613 -0.427381107665 -0.365938117052
135 -0.491207402068 -0.738558449662 0.46178642746
136 0.207693755299 -0.055578457866 0.976613710241
137 -0.05168437924 -0.637281341186 0.768896102942
138 -0.602023571931 -0.291981975322 0.743178407199
139 -0.489664972693 -0.132822885801 0.861734469268
140 -0.0 -1.0 -0.0
141 -0.531962656223 0.346081209179 0.772815326606
142 0.095583486441 0.452294269002 0.886732029053
143 0.821331382985 -0.529379564416 -0.212537140525
144 -0.441305964152 0.575157603467 0.688798067054
145 0.335766792825 0.047195263543 0.940762067653
146 0.918431622488 0.237071391873 0.316670980623
147 0.173517374206 0.721106637754 -0.670743570849
148 0.765655827056 -0.368735184303 0.527072593058
149 0.941112049606 0.336529785678 0.032493282971
150 -0.000210866094 0.481567390781 0.876409039018
151 -0.459842698542 0.155299894214 0.874314952094
152 0.645846305933 0.340352962304 -0.683405011807
153 -0.174773210372 0.562314069365 0.808243287835
154 0.68345095273 -0.468871889853 -0.559512239471
155 -0.571874092809 -0.617416307227 -0.540145467022
156 -0.05447809252 0.209070685964 0.976381885179
157 0.361276991714 0.699128173436 -0.617007886794
158 0.161085924537 0.21804335881 -0.962553073132
159 -0.760437317789 -0.399701855817 -0.511833480901
160 -0.7749057735 -0.565932233307 0.281499111012
161 -0.557837825425 0.794846494891 0.238822130644
162 -0.380668344574 -0.877375971592 -0.292066800427
163 -0.773290121961 -0.252168709539 0.581750229229
164 0.323339718537 -0.908200280726 0.265751155228
165 -0.427278748303 -0.573419622399 0.69901559918
166 -0.540159126308 0.725384473581 -0.426667884607
167 0.26887229717 -0.938762109476 0.215484082074
168 0.017894541179 0.986656354604 -0.161830229921
169 0.093369795105 -0.3728111574 0.923197661544
170 0.0 1.0 0.0
171 0.126115176042 0.464674365352 -0.876454617511
172 0.772257553024 0.548214606154 -0.321059211667
173 -0.719777652384 0.270757354125 0.6392265532
174 0.600459949568 0.16042072813 -0.783398390955
175 -0.616848981142 -0.042220109569 -0.78594834233
176 0.473490017687 0.798477116714 -0.371808414691
177 -0.944947332869 -0.01336403174 -0.326949446795
178 -0.321152276878 0.857329974597 0.40230154078
179 0.304229933441 0.644954839213 0.701054493584
180 0.411064956234 -0.785702509931 0.46227390976
181 0.112545849436 -0.817840067391 0.564332398454
182 -1.0 -0.0 -0.0
183 -0.291725005238 0.955561176767 0.042418849281
184 0.903779114656 0.312211679506 0.292757884764
185 0.165171157127 -0.298883888124 -0.939886647566
186 -0.746999486441 0.561724985345 0.355607660345
187 -0.881306418424 0.30767516874 -0.358657200381
188 -0.547611325061 -0.836168585967 0.030723484607
189 -0.064244987787 -0.316742848234 -0.946333212794
190 -1.0 -0.0 -0.0
191 -0.0 -1.0 -0.0
192 0.175928284399 0.654485337035 -0.735321822303
193 -0.897215461712 -0.237396109425 -0.372354001582
194 -0.157126332173 -0.835092578315 0.527192281223
195 -0.337512760001 -0.863115057324 0.375656138851
196 0.10292155189 -0.575043095705 -0.81162343007
197 -0.888324508017 0.04623034562 0.456883271306
198 0.130415273178 -0.944237364573 -0.302336990569
199 0.124328685428 0.905823836658 -0.405000685089
200 -0.653255065292 0.736697171889 -0.174742944352
201 0.251762972655 0.656013710551 -0.711520496661
202 -0.849095137916 -0.439651572796 0.292820664069
203 0.382465016183 0.885875282452 0.262574742382
204 -0.618579274746 -0.612333706298 0.492348568583
205 -0.990831246486 -0.117853811122 -0.066059974195
206 0.53669191365 -0.660630690698 0.524908449475
207 0.764933975929 -0.024391594569 0.643646690805
208 -0.163423634839 -0.070574622255 0.984028423507
209 0.613723075595 -0.127464407378 0.779164174827
210 0.138287060052 -0.888257030552 -0.438036684191
211 -0.267724310823 -0.853606719086 -0.446854856217
212 0.151349174317 0.831687569191 0.534218321183
213 0.256180939242 -0.154801059528 -0.954153005727
214 0.0 1.0 0.0
215 0.0 0.0 1.0
216 -0.743893253089 0.069079630312 -0.664718611658
217 -0.095344349909 0.582014457667 0.807569579669
218 -0.349690024649 0.281461009156 0.893586362354
219 -0.796562457487 0.275860897387 0.537948897773
220 -0.940153854294 0.036159453375 0.338826244833
221 -0.640020971964 0.512295971871 0.572648227667
222 0.990559512723 0.110181500277 0.081559112008
223 -0.149935891491 -0.929372533341 0.337321690252
224 1.0 0.0 0.0
225 -0.0 -0.0 -1.0
226 0.714869921934 -0.654197215529 0.246955457337
227 0.788862430549 0.548782163961 -0.276648155942
228 0.391039588154 -0.529013822691 -0.75314833592
229 0.863703249945 0.281575347831 -0.418009592628
230 0.488124930307 0.102780873464 -0.8667007237
231 0.368083561684 0.878850496855 -0.303539611577
232 0.187526136751 -0.258876868998 -0.947531906974
233 0.06425919249 -0.997900840885 0.008041638017
234 -0.102395765048 -0.315378192603 -0.943425515306
235 -0.132132666524 -0.957976925764 -0.254600015988
236 -0.858589553453 -0.08248147062 0.505984965889
237 -0.769555179199 -0.182435872367 -0.611965667862
238 0.352351022917 0.934087517752 0.057699790551
239 0.560854293326 -0.776175708799 -0.288086325132
240 0.094246056104 0.820910288077 -0.563226401936
241 -0.843756518436 -0.445646826237 -0.299121787676
242 0.972326983138 0.052746060044 -0.22759193969
243 0.480446298727 -0.692110447029 -0.538659895623
244 0.67694033489 0.145625054234 -0.721488133359
245 0.667821240294 -0.709998412288 0.223421228981
246 0.792764823129 -0.464809248998 0.394304827835
247 -0.154564060276 -0.388066563562 0.908578171384
248 -0.854944080021 -0.085868444171 -0.511563515443
249 -0.576779220771 -0.723266974131 0.379750726949
250 0.214682565248 0.094353254604 0.972115661598
251 1.0 0.0 0.0
252 -0.0 -1.0 -0.0
253 0.0 0.0 1.0
254 0.606696662839 -0.607976526547 0.51213641002
255 0.860232943151 0.441104205156 -0.255785776993
256 -0.066149109794 -0.916761992535 -0.393918448816
257 -0.258248469165 -0.944046869547 -0.205141990514
258 -0.553064920824 -0.486651643865 0.676231743471
259 -0.234421816055 -0.076144727298 0.969148282082
260 -0.0 -0.0 -1.0
261 -0.689789464522 0.349419836937 0.634110615105
262 -0.497996094919 0.865213934577 -0.058350123047
263 -0.595138084721 0.244370256294 -0.765567657332
264 0.992569941995 0.082639539792 0.08930630835
265 0.008888881076 0.763665227206 0.645551243938
266 -0.031289378485 0.681085265139 -0.731535259851
267 -0.953435178618 -0.293689429967 -0.068613984727
268 -0.0 -0.0 -1.0
269 -0.698493254211 0.427134595851 0.574163052494
270 0.579605249839 0.282355622267 0.76441680838
271 0.5847826173 -0.802426067822 -0.11891886387
272 0.487627995066 0.378275232559 -0.786846101128
273 0.577180414887 0.78307108792 0.231651548526
274 -0.932691324597 0.210005456372 -0.293231310257
275 -0.751693625252 -0.650531954434 -0.108465985526
276 0.615741271392 -0.759294145297 0.21055898846
277 1.0 0.0 0.0
278 0.0 0.0 1.0
279 0.134467957045 0.121145244111 0.983484721975
280 -0.366134061429 0.774148568053 -0.51637180756
281 0.069395565493 0.755259717379 0.651741524529
282 -0.625547361216 -0.516878555876 0.584403163365
283 0.008090281721 -0.75565047419 -0.654925116481
284 -0.948941032446 -0.213324065802 0.232387090628
285 0.929904570416 -0.004244566825 -0.36777639072
286 -1.0 -0.0 -0.0
287 -0.100332964682 0.661278386282 0.743400425097
288 -0.0621829331 0.703282906149 -0.708185312436
289 -0.411761787727 0.198638922727 -0.889378889195
290 -0.488370995545 0.443187271645 0.751717242693
291 -0.103045234439 -0.257629954535 0.960733306483
292 0.299951490837 -0.457809717561 -0.836922556544
293 -0.360539242392 -0.929037388917 -0.083072165554
294 0.678699666844 -0.732672381381 -0.050576118748
295 -0.925880699191 0.37053050393 0.073838177946
296 -0.606923505792 -0.004804891838 -0.794745727344
297 0.600012832921 -0.421569854224 0.679899594308
298 -0.609743433289 -0.62577084348 0.486439921276
299 -0.804092423306 -0.427226269071 -0.413416363728
300 -0.93843195491 -0.342803572417 0.042792250969
301 0.478937000559 -0.645186054475 -0.595276662239
302 0.863490983182 0.3792843072 0.332455615498
303 -0.52955820174 -0.801228390998 0.2785698771
304 -0.465043284744 0.442366469647 -0.766841997968
305 0.676416780093 0.682418672405 0.277065146062
306 -0.467581352543 -0.284574396279 0.836890131222
307 0.021833711079 0.864584885871 0.502012215175
308 0.0 0.0 1.0
309 -0.29359491697 0.930627141905 -0.218483746489
310 -0.091227204829 0.935744862794 -0.34067454976
311 -0.056840959338 -0.804827004847 -0.590781345009
312 0.854487226056 0.009907722682 -0.519377913988
313 0.122595245402 -0.864089295227 -0.488180392558
314 -0.808310009247 0.348892559629 -0.474245622844
315 0.967141159209 -0.164645260765 0.193726395393
316 0.709378657304 -0.106095847545 -0.696796664527
317 1.0 0.0 0.0
318 -0.99415660053 0.094809868292 -0.051611457036
319 -0.152296040022 0.253060357099 0.955388073956
320 0.381413486012 -0.005485159171 -0.924388265675
321 -0.105018275201 -0.980955850151 0.163391498948
322 0.057764776881 0.944812290619 -0.322479404068
323 0.0 1.0 0.0
324 -0.885116697533 -0.464121757185 -0.03405034882
325 -0.607715703211 -0.137530896839 -0.782155276455
326 0.923755522672 -0.378898040686 0.055785384255
327 0.560845346383 -0.752551633446 0.345135533434
328 -0.300070670757 0.642588777086 0.705008692227
329 0.442920084148 0.889638946099 -0.111195074717
330 0.670809062697 -0.712094387193 0.207211932888
331 0.343974509403 0.900134922305 -0.267280112483
332 0.596417888101 0.136235803731 0.791028133845
333 0.265338357459 0.2169519181 0.939429306171
334 -0.544313728689 -0.413285096852 0.730012324198
335 0.045219377547 0.658234931475 -0.751453247302
336 -0.0 -0.0 -1.0
337 -0.070457558598 -0.59911847471 0.79755425251
338 -0.810965629265 -0.378628153027 0.446066665293
339 0.536222186543 -0.56760721143 0.624730197919
340 0.497416845396 -0.536007497846 0.682108821354
341 0.905644695351 -0.275689754474 0.322184489169
342 -0.767457906993 -0.616475565913 -0.175972263798
343 0.42010600469 -0.337734046598 -0.842286565601
344 0.472986120622 -0.824621437732 -0.310296010499
345 0.724814326023 0.541712842148 0.425665818975
346 0.232342230857 -0.955850984578 -0.179905483633
347 1.0 0.0 0.0
348 -0.0 -0.0 -1.0
349 0.083150778456 0.882421335436 -0.463053490224
350 0.989782847496 -0.050897819233 0.133189064116
351 -0.237728307629 -0.842543727943 -0.483327340688
352 -0.244341405234 0.64757359291 -0.721765695675
353 0.149660483311 -0.204383202528 0.967382678292
354 -0.305911624076 -0.045677584606 0.950963530594
355 -0.0 -1.0 -0.0
356 -0.472596189049 0.355953884992 -0.806194563276
357 0.558155771775 -0.82916285928 -0.030839702088
358 0.786790687942 -0.150490068167 -0.598592643415
359 0.73611141928 0.478000641308 -0.479223711136
360 0.464170571312 0.287352930859 -0.837838871057
361 0.794434008478 0.21638709106 -0.567495579715
362 0.93682573262 0.289808164869 -0.195879489164
363 0.183290179042 0.112873851886 0.976557322346
364 0.467282687624 0.161238596167 0.86928074001
365 -0.846985452873 0.379339078202 -0.372447991497
366 -0.903309800658 0.117365032297 -0.412621925288
367 0.247395679286 0.954843018307 0.164530204705
368 -0.0 -0.0 -1.0
369 -0.87073958934 0.388749750212 -0.301141493764
370 -0.565575002068 0.806589855683 -0.171865417537
371 0.656695203673 -0.691120926184 -0.30183319046
372 -0.761820282289 -0.51380779491 -0.394501466897
373 0.240920737641 -0.070297145332 0.967995614418
374 0.456463224636 -0.864290996634 -0.211287476422
375 0.433860604242 -0.794707258961 0.424506005425
376 -0.955967453845 -0.215677363797 -0.199021360497
377 0.631835380187 0.504504371285 -0.588438095044
378 -0.748352414919 0.624027906131 0.224850695916
379 -0.415947588736 0.465177749351 -0.781407233735
380 0.747477274266 0.607468756212 -0.26881115059
381 0.500579824164 -0.336496798983 0.79761503491
382 0.618197054012 0.558647877255 0.552942087067
383 -0.280458707998 0.119566759906 0.95238999524
384 -0.993345066276 0.038769910984 0.108454936763
385 -0.037708793912 -0.328507738021 -0.943748225387
386 0.410137331378 -0.876782361153 -0.251077797864
387 -0.773974374773 0.1176658713 -0.622188403883
388 -0.265784385431 0.083771619511 0.960385847577
389 -0.654529666755 -0.629776825633 0.418296623503
390 -0.238264469113 -0.151066688007 0.959379434078
391 0.081579935093 0.22527177992 0.970874522975
392 -0.670195816042 0.587129634856 -0.454000396513
393 -0.354117701605 0.716642477213 0.600852904848
394 -0.722418386033 -0.337713738464 0.603374764449
395 0.293931796217 0.725360879519 0.622459391155
396 -0.872823273323 0.02769459985 -0.487249979666
397 -0.878394796705 0.460620451242 0.127480904527
398 0.819201066069 -0.397123596096 -0.413766193369
399 -0.259263299779 -0.95107096826 0.168067113739
400 -0.096761945351 0.245453499219 -0.964567107905
401 -0.011903923146 0.133788104484 -0.99093846414
402 0.809972701997 0.19243751976 0.553996410645
403 -0.905049044561 -0.252464282746 0.342268918947
404 0.372055671223 -0.338054513772 0.864461522122
405 0.447909345788 0.770152653819 -0.454138863974
406 -0.555624956197 -0.762690469802 0.331034975984
407 -0.627894083076 0.481797858406 0.61124450433
408 -0.497807208787 -0.839863316123 0.2163737348
409 -0.33134219977 -0.731624332846 -0.59576688582
410 -0.954609026319 0.214321256908 -0.206852618325
411 -0.0 -0.0 -1.0
412 -0.928539428118 -0.366581500815 0.058587828866
413 0.490567141767 -0.696328634594 -0.523899143025
414 -0.417516539808 -0.700696661124 -0.578536194267
415 0.716913591229 0.510532970344 -0.474753608625
416 0.01627848936 -0.850953349831 0.524988959118
417 0.083649339966 -0.159658940045 0.983621782387
418 0.182797302507 -0.968685281512 0.168029674698
419 0.0 1.0 0.0
420 0.0 0.0 1.0
421 0.650528685942 -0.048313329477 -0.757943435199
422 -0.100307595287 -0.974463030999 -0.200898450825
423 0.986297422288 0.161900965596 0.031709180496
424 0.384545332041 0.922515934356 0.033003612903
425 -0.851094112555 -0.308667206431 -0.424692085219
426 -0.98797147205 0.120474572026 -0.096944561011
427 -0.441822128397 -0.756760886637 0.481773979491
428 -0.277270509315 0.888502129564 0.365629635593
429 -0.396829843006 0.100410745396 -0.912383558548
430 -0.701005564445 -0.10630801213 0.70518778008
431 -0.978658661542 -0.195849367757 0.06221132805
432 -0.570758633278 -0.79823447784 0.192500132276
433 -0.47677870187 0.625141221234 -0.617964823398
434 -0.984157681889 -0.155540964798 -0.085092099804
435 -0.442918595356 -0.710559447433 -0.546743440336
436 -0.135710087765 -0.70395870232 -0.697154873401
437 0.348627706689 -0.295985337783 -0.889298263771
438 -0.455568816892 -0.211368037856 -0.864743086499
439 -0.347914452811 -0.92224772331 -0.168566516172
440 -0.00937635556 0.74400618321 -0.668106940019
441 -0.407444108735 0.897711798009 -0.1676389751
442 0.148604988302 -0.424175094838 0.893304005572
443 -0.310245935923 0.052697929668 -0.949194599359
444 0.091026861395 -0.480206554775 -0.872419495
445 -0.203604080502 -0.774086875705 -0.599445483147
446 -0.604883875712 -0.778680510321 0.166649811732
447 -0.877681247848 0.457016958843 -0.144260620081
448 0.843808893674 -0.062626631306 -0.532976975121
449 0.833495757353 0.11326960417 -0.540790920085
450 0.120576166203 -0.588574695532 0.799400535353
451 0.558053244117 0.110180594256 -0.822457788205
452 0.605475507508 0.086430759185 -0.79115683254
453 -0.568330494456 -0.365436503765 -0.737195096828
454 0.893418853335 0.447566987131 -0.038555732856
455 -1.0 -0.0 -0.0
456 -0.729822926478 0.24099622416 -0.639749416512
457 -0.42954819883 -0.901068704958 -0.059695341758
458 -0.007008572676 0.306402210263 -0.951876339371
459 0.46600373062 0.593282645269 0.656396393858
460 0.24577784028 0.865603986303 -0.436260234405
461 0.557511386476 0.825869130428 -0.084387400456
462 0.719049265584 -0.693609919058 0.043283182039
463 -0.928057946607 -0.056530935545 -0.368120498024
464 0.121906375593 0.70231383266 0.701351635091
465 0.118766832541 -0.733974343687 0.668712271681
466 0.234609622082 0.962411829191 -0.136827615119
467 -0.051403190481 -0.013463438911 0.998587225945
468 0.0 0.0 1.0
469 -0.459350453894 -0.605414463724 -0.649977297774
470 0.462794333796 -0.646707668537 -0.606292500417
471 0.040545290499 0.230256039889 0.972285058773
472 -0.747157370841 0.652691239796 -0.125499038609
473 -0.50668808906 0.820866069588 -0.263526234373
474 -0.10642643186 0.994170018577 -0.017302854238
475 0.389740352819 -0.898056635716 -0.203952779905
476 0.153424016142 -0.723297820126 0.673276566257
477 -0.13904439284 -0.437381413324 0.888461679589
478 0.978683108539 -0.097996315623 0.180488490451
479 -0.720632227648 -0.357653606026 0.593947043575
480 -0.830955683476 -0.538639615705 -0.139212127677
481 0.84999236496 -0.524431947833 -0.049840862767
482 -0.029910587374 0.901147276507 -0.432479991222
483 -0.823458452213 -0.528373132582 0.206731734972
484 0.456686130241 0.431549728961 0.777947690966
485 -0.681488405688 -0.64674077003 -0.342490772567
486 -0.000399403997 -0.563118741328 -0.826375897302
487 -0.83672788181 0.406169666973 -0.367304578561
488 -0.729441703073 0.268848857565 0.628995304914
489 -0.485469167386 0.426314733309 -0.763266294081
490 -0.983236530127 0.181849169209 0.013296822258
491 0.591994607373 -0.356523782147 -0.722795391245
492 0.988789639318 -0.118200966828 0.091233659461
493 -0.087855277997 -0.912277333352 -0.400039394535
494 -0.405478301944 0.876663353542 0.258937658926
495 0.273874073574 -0.796009806055 0.53977901079
496 0.0 1.0 0.0
497 0.65198516701 0.380215502583 -0.65601182428
498 -0.252437609043 -0.654612727941 -0.712570999942
499 -0.697640263169 0.555530914529 -0.452419568772
500 0.837898487168 -0.019096251052 0.545491941643
501 -0.949300139567 -0.296360859436 -0.104878434446
502 0.747794335438 0.276161883119 0.603770027576
503 0.796760873034 0.422444343727 -0.432102866983
504 0.646763477311 -0.134397797333 0.75075577686
505 -0.806595534216 0.489304162119 0.33163998721
506 -0.272108193238 -0.460065785562 -0.845160697221
507 -0.071050033695 0.989954647914 -0.122236196711
508 0.553529737272 0.501894633522 -0.664610116381
509 0.459597510176 0.090896129443 -0.883463650804
510 0.588483989226 -0.703870526044 0.397810101671
511 0.1423306397 0.364688693942 -0.920187016597
512 0.283268528079 -0.879979771748 -0.381306362802
513 -0.26305448526 0.48120499819 0.83620816039
514 0.188184408107 0.696463082365 -0.692478016581
515 0.444807379529 -0.710437323269 0.545367036796
516 0.699862023338 -0.652888067106 -0.289707300771
517 -0.928931269773 -0.17137686291 0.328202173815
518 -1.0 -0.0 -0.0
519 -0.09795505744 0.656821912187 0.74765619264
520 0.700604977147 -0.645594305191 0.303908965155
521 -0.310617691238 -0.507405388679 0.80377635038
522 -0.397887132297 -0.50843713298 -0.763660599847
523 -0.023033284255 0.998642207426 0.046724825982
524 0.74000353284 0.66855869092 -0.073648137661
525 -0.567449495394 -0.790142697394 -0.231679925614
526 1.0 0.0 0.0
527 -0.0 -0.0 -1.0
528 0.102190726435 -0.655255017271 -0.748463705046
529 0.402550107163 -0.453688118824 0.79506006192
530 0.547822790134 0.332405336018 0.767721878806
531 0.749539066954 -0.157692338435 -0.642903035852
532 0.01351994326 -0.983427141526 0.180798972467
533 -0.234840210614 -0.085212652457 0.968291732558
534 0.438104881502 0.879822241508 -0.184328337898
535 -0.1034185595 -0.161904715221 -0.981372235566
536 -0.03724223251 -0.712231681221 0.700955810578
537 1.0 0.0 0.0
538 0.0 1.0 0.0
539 0.376742108124 0.409072487154 -0.831098721104
540 -0.179598945911 0.186887029131 -0.965824754792
541 -0.419222044197 -0.661587594623 0.621735259013
542 0.774498147879 0.629414368167 -0.063167808866
543 0.380218785546 0.167357784437 0.909629071164
544 0.158978966537 -0.980170473187 -0.118285805117
545 0.0 0.0 1.0
546 -0.877220832655 -0.247722236981 0.411238743385
547 0.869758637396 0.101843729537 0.482853774376
548 0.821742062136 -0.530739956665 -0.207497184839
549 0.142239516178 0.93027069131 0.338178001837
550 0.132740301662 0.979689396287 0.15029537291
551 0.370883827307 0.586564098368 0.719991489636
552 0.604484583198 -0.638944991193 0.475760114874
553 0.013072612219 0.60292255569 0.797692609123
554 0.614096808452 -0.789229017233 -0.001633464414
555 0.29083032179 0.711635408365 -0.63952542521
556 0.781694145692 0.180666343495 0.596920375694
557 0.281624057328 -0.773984821187 -0.567129074291
558 0.205155796456 -0.553575485858 -0.807133991749
559 -0.591146110803 0.692946094847 -0.412761414522
560 -0.179414693741 0.574419073028 0.798657057949
561 -0.636709093006 -0.746588409116 -0.192891882297
562 0.218139395168 0.956895314817 -0.191746084072
563 0.502478208823 -0.637655625172 0.583875803013
564 -0.171137581106 -0.680545582359 0.712439217523
565 0.068864339101 -0.996574970534 0.045782430088
566 -0.859778142042 0.298167293317 0.414581489774
567 0.459001353329 0.69931229553 -0.547978166503
568 -0.961287656731 0.227105383773 0.156042256064
569 0.899567169419 0.423330547261 -0.107564657105
570 1.0 0.0 0.0
571 -0.0 -0.0 -1.0
572 -0.606996060401 0.205577226784 -0.767654731299
573 -0.704763716841 -0.654135873084 -0.274616756534
574 -0.814112018242 0.502670714252 0.29076412225
575 0.529798656806 -0.837232248945 0.135482635685
576 -0.430009279075 -0.88312925332 0.187549305091
577 0.880569028548 0.012012114499 -0.473765654166
578 0.653536950016 0.694891879627 -0.300024549984
579 0.543973619087 -0.324396951447 -0.773860012942
580 0.224694296128 0.688274422682 -0.689775900107
581 0.0 1.0 0.0
582 -0.0 -0.0 -1.0
583 -0.692896142354 -0.100264323981 -0.714032213032
584 -0.114497779712 0.226641905544 0.967224743838
585 -0.642127658876 0.766391466984 0.017781705232
586 -0.200322671034 0.274394251497 -0.940520399681
587 0.480728728642 0.546374920711 -0.685838417906
588 0.726306995163 0.650593205338 -0.221825674675
589 0.639845885489 0.748349208356 -0.174844803115
590 0.958131982941 0.27953276403 -0.062004331297
591 1.0 0.0 0.0
592 -0.0 -1.0 -0.0
593 0.726900812232 -0.06029962897 0.684090026182
594 -0.135363951058 0.946540912714 -0.292808642824
595 0.055883440699 0.546722592505 0.835446855222
596 -0.975141466445 0.056770932346 -0.2141872584
597 -0.46490619411 0.226688790857 0.855847195928
598 -0.0 -1.0 -0.0
599 0.36018780227 -0.184635213012 -0.914425822695
600 0.918005477555 0.047051119503 -0.393766600071
601 0.44270138113 0.392584501833 0.806159349054
602 -0.852983674654 0.426024883639 -0.301532169584
603 -0.713757232558 -0.323021917149 -0.621455914778
604 0.800431110031 0.42843079121 0.419233938557
605 -0.757034759963 -0.306201603867 0.577181903733
606 -0.52737398423 -0.785683518209 -0.323385358314
607 -0.705032943973 0.270002718356 -0.655764500406
608 0.013008131065 0.249515108338 0.968283532462
609 -0.284332160296 0.678607496003 -0.677234884652
610 0.366059750796 0.810804897242 0.45672275776
611 -0.312387880704 -0.745414022507 0.588873286063
612 0.061054604579 0.990243405226 0.125261062051
613 0.939578499839 -0.20635212406 0.273150221557
614 0.098468515578 -0.652949559873 0.75097325099
615 -0.974150188931 0.173075669833 0.145176519857
616 -0.994894344536 -0.066238340059 -0.076142796879
617 -0.751417109132 -0.162737919236 0.639444053648
618 0.55897536448 -0.580750444796 -0.591840741056
619 -1.0 -0.0 -0.0
620 -0.27527785876 0.956003747647 -0.101385082544
621 -0.465274862268 0.847530741789 -0.255364336318
622 0.225764992128 0.097402043632 -0.969300268351
623 0.982257114065 0.138506392296 0.126439476279
624 -0.789841232125 -0.521550027501 0.322701714977
625 -0.234504448677 -0.609909663429 -0.756979435656
626 -0.3743602469 -0.814414884687 0.443376590656
627 0.021169907247 -0.996786132678 0.077260861553
628 -1.0 -0.0 -0.0
629 -0.345180188141 0.652246284172 -0.674852148621
630 0.340701996084 0.234974223695 0.910334698923
631 0.896842041153 0.094692992355 -0.432096737339
632 -0.6557870651 -0.216735349514 0.723166034545
633 -0.51435041213 -0.77830920419 -0.36010892271
634 0.322713835533 -0.918172907113 -0.229813604902
635 1.0 0.0 0.0
636 0.0 1.0 0.0
637 -0.0 -0.0 -1.0
638 -0.942940998157 0.148150984754 0.298183768355
639 -0.460747849186 -0.550583412901 0.69611013849
640 -0.027924103244 0.796378481591 0.604153588517
641 -0.0 -0.0 -1.0
642 0.487431903123 0.53970092507 -0.68639132519
643 0.786987230668 0.131150628876 -0.60286865179
644 0.77666226539 -0.396958939269 0.489100527555
645 0.266369596415 -0.884592092958 -0.382810745908
646 -0.69678733226 -0.399096937427 -0.595994167872
647 0.342327285051 -0.937579274963 -0.061295457174
648 -0.425890823589 0.896958265658 0.11867129413
649 -0.936794472244 0.333288435955 -0.106465652826
650 -0.983800451813 -0.178780190997 -0.013202814805
651 -0.0 -0.0 -1.0
652 0.092453735346 0.994899415274 0.040341793575
653 0.947206113741 0.199838122351 0.250729541433
654 0.898736882012 -0.279011542027 0.338267019273
655 -0.162540549574 0.96699549506 -0.19621488801
656 0.40351941226 -0.144957265784 0.903415449849
657 -0.876418606938 -0.478173596386 0.056924837566
658 -0.996175072769 -0.084325482583 -0.022900597812
659 -1.0 -0.0 -0.0
660 -0.0 -1.0 -0.0
661 -0.0 -0.0 -1.0
662 0.051590435634 0.818732956272 -0.571852055401
663 -0.550527442462 0.082904265452 -0.830690326094
664 -0.215983592546 -0.957066211354 0.193327067002
665 -0.72492280879 0.573423756379 -0.381670167705
666 -0.0 -1.0 -0.0
667 0.397109664292 0.452437432129 -0.798501273972
668 -0.12367709293 0.076678855983 -0.989355512306
669 -0.82805736046 -0.532652903149 0.174933966269
670 0.183189543453 -0.358552084551 0.915358942619
671 -0.057259600202 -0.819872953085 -0.569675064387
672 0.088416963718 0.993457031068 -0.072288089951
673 0.904094020959 0.385202084001 0.185022581721
674 -0.38373198314 -0.376880793406 0.843036554769
675 -0.701162195549 -0.023886185437 -0.712601589724
676 -0.35823378185 0.931366737214 -0.064996602621
677 -0.467320419487 0.88360237004 0.029299781393
678 0.979032369342 -0.127528301937 -0.158846315616
679 1.0 0.0 0.0
680 0.0 1.0 0.0
681 0.486983588587 -0.752552744975 0.443296007738
682 -0.658452990696 -0.55325131524 0.510247627363
683 -0.295104257881 0.318906120358 0.900673283372
684 -0.850906983033 -0.51416633057 0.107658212574
685 0.174549066718 -0.089590596282 -0.980564199003
686 0.175218176262 -0.88239603197 -0.436664440356
687 -1.0 -0.0 -0.0
688 -0.0 -1.0 -0.0
689 -0.000852970996 -0.890408638561 -0.455161211897
690 -0.421310967285 -0.666265700886 -0.615294307359
691 -0.850868963899 0.524573368303 -0.029065229086
692 -0.548915416791 0.276652851743 -0.788768067832
693 -0.158347491256 -0.053166679235 0.985951000929
694 0.008507065537 -0.788064203263 0.615534273108
695 0.204605603522 0.307478053144 0.929297473279
696 -0.98198655019 -0.13637461637 0.130783711738
697 -0.103796230632 -0.873247442721 0.47609373687
698 -0.867368237127 -0.37974988655 -0.321655661988
699 -0.447708019059 -0.247165245221 -0.859340951675
700 0.984442438604 -0.147978614442 -0.094738665517
701 0.24634359502 0.619305449478 0.745503583787
702 -0.744129760127 -0.068350594116 -0.664529229137
703 -0.227804230692 0.689527976764 0.687500110355
704 -0.850507063171 0.465285880549 -0.245248414586
705 -0.709068751748 0.705135860729 0.002218830218
706 -0.601451096186 0.565706855944 0.564120848786
707 -0.565644563343 -0.372888526113 -0.735527276893
708 0.060253664561 -0.997351780927 0.040729853771
709 -0.014500978215 0.545345956035 -0.838085622038
710 0.686905601982 -0.722498105026 -0.078467714383
711 0.254469896059 -0.010524207388 0.967023429426
712 -0.180007434322 0.148488374658 0.972393195256
713 -0.591145187434 -0.462687779868 0.660656783613
714 0.7880673944 -0.608082854572 -0.095838530139
715 -0.588759134055 0.399583623475 0.702634762816
716 0.144352847702 -0.376418141923 0.915134764825
717 0.0 1.0 0.0
718 -0.634144451391 -0.07387686229 -0.76967722065
719 0.493769705032 0.229793573825 0.838681341047
720 0.32838825386 0.410992439546 0.850438927473
721 -0.836598935775 -0.104357719475 -0.537784052429
722 0.924117449944 -0.241284182055 -0.296291886825
723 -0.525150554883 -0.797170470555 0.297886111762
724 -0.489252803764 0.868693331522 -0.077482835379
725 -0.686801066985 0.250444440759 -0.682335603996
726 -0.811070784481 0.361568533518 0.459817766218
727 0.752639247316 0.138957802555 -0.64360305508
728 -0.2989033412 -0.562232863319 0.771071332643
729 -0.0 -1.0 -0.0
730 -0.0 -0.0 -1.0
731 -0.879627508515 -0.418845495693 -0.225441560061
732 0.486016985146 -0.792052899638 -0.369377441548
733 -0.998884201061 0.046588718869 -0.007735899805
734 -0.54141172825 -0.755043686581 0.369841008904
735 -0.225778719327 0.017915767117 -0.974013857801
736 -0.588365744906 0.807120873126 -0.048802114553
737 -0.201883360838 -0.968971656735 0.142607983861
738 -0.119375515783 -0.97750541048 0.173875411469
739 -0.008019838639 0.93105029807 -0.364802720182
740 -0.092832226446 0.945857414816 -0.311023999991
741 0.986914344393 0.08795597345 -0.135143714485
742 0.033134673982 -0.659882463829 -0.75063788028
743 -0.780751839796 -0.283663371917 -0.556742001369
744 -0.632827754138 0.420885330517 0.649911203279
745 0.90151926178 0.035731061555 -0.431261303481
746 0.815392533917 -0.383157883192 -0.433964344365
747 0.531806262399 0.682974732471 -0.500727085426
748 0.253424475321 -0.536837056654 0.804724803837
749 0.490485124352 0.323381146879 0.809227394885
750 -0.191369336272 0.408451832206 0.892493629054
751 -1.0 -0.0 -0.0
752 -0.091552881622 -0.730875077743 -0.676342879463
753 0.703619754511 0.01564861999 0.71040436496
754 0.3286989149 0.769162706473 0.548038095678
755 -0.244260880295 0.522605775066 -0.816835250357
756 0.502078969372 -0.046478008944 -0.863571944425
757 0.0 0.0 1.0
758 -0.145847527778 -0.769058790303 -0.622315897032
759 -0.892638611709 -0.446302699644 0.063326212393
760 0.092698244737 0.178980197464 0.979475943726
761 0.196318834066 0.664711306392 -0.720845194578
762 -0.480647261697 -0.876377353676 0.030674807056
763 0.910103053586 0.156655752957 -0.38362925712
764 -0.504131089658 0.783550370491 -0.363181306436
765 -0.537580903879 -0.518775561287 0.664739564639
766 -0.952114908427 0.305727753224 -0.002782455656
767 -0.370899889814 -0.89593200336 -0.24441586915
768 0.412337138724 0.857354117959 -0.308094142183
769 0.977078417417 -0.206423248959 -0.052030841886
770 0.631605420966 0.063122365575 0.772716092217
771 0.59173183974 -0.63004167044 0.502892556464
772 -0.130710901342 0.414665743699 0.900537051583
773 -0.678375263086 -0.730048133221 -0.08268449439
774 -0.465727223788 0.689448772177 0.554759897222
775 -0.548462889096 -0.686810641239 0.476948217697
776 1.0 0.0 0.0
777 0.0 0.0 1.0
778 -0.127815934675 0.76877618312 -0.626614927296
779 0.208567763265 0.273669201439 0.93893804711
780 0.981005039257 -0.103626579627 0.163983672809
781 0.425014911259 0.902395640623 0.071024171885
782 -1.0 -0.0 -0.0
783 0.0 0.0 1.0
784 -0.836739236154 0.448821491722 0.313730328864
785 -0.271723676562 0.736812778122 0.619090602086
786 -0.525839905308 -0.846612122619 -0.082099377707
787 -0.582669352342 -0.560640761869 0.588369239485
788 -0.456040976036 0.759049171396 0.464619181244
789 -0.43766625942 0.832339870499 -0.340086144002
790 -0.516613219262 0.423289678967 -0.744269191465
791 0.30868470812 0.910617610204 0.27475319645
792 0.689748743937 0.202517232903 -0.695149941102
793 0.064059263253 0.70101472572 0.710263870062
794 -0.748100759052 -0.653258330895 0.116613924647
795 0.200105681963 0.016469211054 -0.979635892122
796 -0.818674796227 0.573250862752 0.033985679003
797 -0.762173493381 0.552943283489 0.336667924269
798 -0.712383748626 -0.124810704727 -0.690602405642
799 0.705595337568 0.174088243594 -0.686897738419
800 -0.0 -1.0 -0.0
801 0.318762396984 -0.270263165343 -0.908486849507
802 -0.663494034436 0.725531172397 0.182702447026
803 -0.119026691773 -0.194157436539 0.973722515136
804 -0.460663701885 0.401977307587 -0.791330018356
805 -0.381734832434 -0.617319720786 0.687891619396
806 -1.0 -0.0 -0.0
807 0.033819118248 0.938132925042 0.344619909746
808 0.160487884343 0.357311064924 -0.92009371363
809 0.244043542044 0.775563320977 -0.582189217301
810 -0.106802447522 0.568796083615 0.815514716279
811 -0.437557340292 -0.49058000503 0.753574702748
812 -0.0 -1.0 -0.0
813 0.0 0.0 1.0
814 -0.990192705709 -0.065547976046 -0.123376936243
815 -0.99326729044 0.107328105783 -0.043597791809
816 -0.190083490511 0.616828684274 -0.763800131508
817 -0.611202247916 -0.670760874826 0.420132908667
818 0.265342341568 0.930787924978 -0.251450353919
819 0.196068754534 0.921189389414 -0.336105864762
820 -0.0 -0.0 -1.0
821 0.409284453045 -0.893160328407 0.186415836923
822 -0.153131065549 -0.428045634436 -0.890689514704
823 -0.287526453139 -0.865236183371 -0.4107248297
824 -0.998945099038 0.019794224321 0.041435224035
825 0.785635785427 0.12898983503 -0.605093410239
826 -0.886731518022 -0.104265690627 -0.450373046157
827 0.508844375747 -0.438289287133 -0.740931779623
828 -0.61669818998 -0.675762041747 0.403768504728
829 -0.975372225989 0.153507229686 0.158381031703
830 0.096491197251 -0.983435948374 -0.153437884169
831 -0.551376115913 -0.831416997158 -0.068776126947
832 0.728118727886 -0.331008384841 0.600230428475
833 -0.186036833678 -0.000965635203 -0.982542296323
834 -0.36448903591 0.922486328569 -0.127148402683
835 -0.068645528557 -0.951204301597 -0.30082913428
836 -0.914183281498 -0.31449170519 0.255663636829
837 0.932756721577 0.330355220519 -0.144327151388
838 -0.257947794645 0.256621468853 -0.931454967758
839 0.371371009993 0.116850343011 -0.921102366882
840 -0.219324361709 0.312420826591 0.924278124524
841 0.034562539418 0.985536340924 0.165902235029
842 0.051218625959 -0.979496396932 0.194842143161
843 0.322325096922 -0.838419025315 0.43949979509
844 -1.0 -0.0 -0.0
845 -0.0 -0.0 -1.0
846 -0.32760259237 0.939727562516 0.097921650924
847 -0.673403786091 -0.636547324212 -0.375945268511
848 0.047792178036 0.781680634383 0.621845071982
849 -0.474812428995 0.67957025053 -0.55922931957
850 0.15701362356 0.986159613216 0.053253537699
851 0.254141337372 -0.452295565245 0.854892333746
852 -0.950596084799 0.275413187827 0.143229394801
853 1.0 0.0 0.0
854 0.0 0.0 1.0
855 0.431295123 -0.815430336643 0.386080150952
856 0.267619164012 -0.944621381825 0.189922163141
857 0.119341853271 0.858414398533 0.498880990266
858 0.506464571611 -0.764875705195 -0.398068829858
859 -0.105754103333 0.322455101177 0.940658693338
860 -0.913171681685 -0.351491428057 0.206328029532
861 0.898286577976 0.27063372692 0.346177136279
862 0.0 0.0 1.0
863 -0.920746941554 0.309360489283 0.237741787006
864 0.869668450229 -0.212713514849 -0.445454540079
865 -0.036701321164 -0.901023917426 -0.432213966979
866 0.709612645389 -0.439735447824 -0.550529408325
867 0.676416027513 -0.374375293203 0.634274780803
868 0.937894464077 0.285623567119 -0.196908994612
869 0.019265404175 -0.023487639071 0.999538481007
870 -0.840663817797 0.521015878711 0.147738957549
871 0.831273423598 0.350617547711 -0.431337258369
872 -0.96454750668 0.261622605583 -0.034665827622
873 -0.87341778801 0.484810138548 0.045831180964
874 0.27203488806 0.631640394606 -0.725966549904
875 0.647855218029 0.673210976761 0.356469630181
876 -0.783038042823 -0.49436583592 0.377430581387
877 -0.365593189175 0.874207471618 0.319535470011
878 0.817360391401 0.555647166207 0.152243939961
879 0.054493659642 0.98873531663 -0.13940198961
880 -1.0 -0.0 -0.0
881 0.440431249169 -0.784581466427 -0.436408337792
882 -0.349048138676 -0.819820845041 0.453937417408
883 0.038417406478 0.9832851952 0.17797282877
884 0.766246707803 0.450823439232 0.457847364764
885 0.1371432607 0.899115835478 -0.415671072408
886 0.392701069461 -0.092950929998 -0.914956826663
887 1.0 0.0 0.0
888 0.0 1.0 0.0
889 0.408880402761 0.619415688705 0.67017984215
890 0.047151700819 -0.220119948502 0.974332553793
891 -0.309582822285 -0.935219960755 0.171819967267
892 0.869042611479 -0.065125112995 -0.490432114661
893 0.158400173582 0.2697976722 -0.949799242516
894 0.897517211992 0.214681032182 0.385194637292
895 0.283126639853 -0.957900475272 -0.047602366311
896 -0.423171086616 0.676479887795 -0.602744716162
897 -0.088984120597 -0.704330731605 0.704272707691
898 0.585083870655 0.807038521008 -0.079785273758
899 0.241631636287 0.961172122857 -0.133275288734
900 0.287791566493 0.646289905349 0.706742790908
901 -0.970194697117 0.242059487868 -0.011377786211
902 0.924832151524 -0.354789231657 -0.137149891026
903 -0.475364462254 0.84991062808 -0.227333570556
904 -0.076679805784 -0.835599779457 0.543960675009
905 -0.048258591865 -0.278942220785 0.959094544753
906 -0.896669693705 -0.43366109626 -0.08900288749
907 -0.686980257053 0.381821079759 0.618280510343
908 -0.184220905982 -0.658434427841 0.729744312779
909 0.219476464326 -0.95603029701 -0.194515173719
910 -0.723870692037 0.175604309555 -0.667213869517
911 0.334615164873 0.940558821818 -0.058153195411
912 -0.494405183517 -0.718439803199 -0.489293126551
913 0.142163006682 -0.074080749638 0.987067232798
914 -1.0 -0.0 -0.0
915 0.0 1.0 0.0
916 0.425530184875 -0.245227249987 -0.871084185153
917 0.424378692506 -0.305656294916 0.852336174713
918 0.657268239169 0.102151767005 -0.746701733142
919 -0.185081208306 0.698052418493 0.691713645498
920 -0.071422054727 0.49339744835 0.866866684133
921 -0.696254826698 0.671768997903 0.252894503215
922 -0.96577434292 0.239317458008 0.100035358003
923 0.765289587735 0.449784720716 -0.460462324098
924 0.720024538051 0.404899530842 -0.563578774023
925 0.744632206279 -0.03889819956 -0.66634060918
926 -0.160953252111 -0.939699662153 -0.301759168187
927 0.037185406462 0.972528094181 0.229796326289
928 -0.70668955327 0.514443131591 0.485734639138
929 -0.564245398482 -0.663443453794 0.491395883081
930 0.269653052971 0.708704486016 0.651939554349
931 0.430561407463 -0.382966062366 0.817284448328
932 0.087552495495 0.361462137893 0.928267032379
933 -0.0 -1.0 -0.0
934 -0.0 -0.0 -1.0
935 0.471969264211 0.103494728479 0.875519191576
936 0.111915768216 -0.816898332974 -0.565819736673
937 -0.870018441754 -0.470244262207 0.14811564694
938 -0.94418105361 0.287468464422 0.160885114186
939 0.083293902934 -0.125923015364 0.988537060477
940 0.618899585573 0.207022181895 -0.757697247706
941 -0.973489116475 -0.227015801146 -0.027977958016
942 0.364317262593 0.09434213037 -0.926483941909
943 0.860264566784 0.005195399787 -0.509821422615
944 0.421685402861 0.829733752527 0.365681994267
945 0.504334843016 0.647162957754 0.571687390303
946 0.372308975841 -0.478538457005 -0.795227622556
947 0.646951756382 -0.411181989224 0.642170379768
948 -0.79457943996 0.280841019133 -0.538304593668
949 -0.875350818048 0.269607036586 0.401338997815
950 0.740902972146 0.511514259064 -0.435219425852
951 -0.529837942955 0.797871594866 -0.287528559123
952 -0.509864556125 0.846274643222 0.154458287725
953 0.223755390715 0.439520354573 0.869916882835
954 0.0 1.0 0.0
955 0.160031605588 -0.385208483292 -0.908847792324
956 -0.595297491038 -0.758104758219 -0.26626692008
957 -0.039317791702 -0.067304157717 0.996957502409
958 -0.984701454979 0.170069999376 -0.037937315057
959 -0.227137692603 -0.314887039602 -0.921550118491
960 -0.550340670543 -0.156884629871 0.82006850888
961 -0.853441551802 -0.379590094098 0.357139857927
962 0.849221802032 -0.114820260352 -0.51540143458
963 0.940726517908 0.15428383073 0.30204323876
964 0.770079495403 0.637938022229 0.003556761814
965 0.743847717656 -0.017130896333 0.668129557293
966 0.294976325641 0.520104661393 -0.801548569027
967 0.434550324906 -0.866194682796 -0.246724110333
968 -0.686507881446 -0.430029052453 -0.586329210222
969 0.816713980276 0.374257250898 -0.439214963968
970 0.855717608204 0.075544264426 0.51189885634
971 0.705014241889 -0.418771554427 0.572350682655
972 -0.171226381642 -0.984215161579 0.0447441834
973 -0.629892252431 0.565496756917 0.532399444256
974 0.34937796486 -0.165129702258 0.922316225111
975 -0.204151848744 0.684910441568 0.699442427713
976 -0.098930218313 -0.137390929365 -0.98556407424
977 0.895584732215 -0.102947893445 0.432816033273
978 0.147119803595 -0.984291156497 0.097604726486
979 -0.249551794108 0.171443324179 0.953064052754
980 0.032188228577 -0.868545621663 0.494562858523
981 0.502316136018 0.856956828149 -0.115340774161
982 0.960940595269 -0.273679616102 -0.041141707478
983 -0.787632737973 -0.038110559984 0.614965247221
984 1.0 0.0 0.0
985 0.033588649049 -0.998941046716 0.031441816769
986 0.237828554542 -0.881987839804 -0.406859962495
987 -0.038003383927 0.936766199169 0.347886232702
988 0.437368657853 -0.848152958762 0.298906700611
989 -0.129703778088 -0.609586776178 0.782036375278
990 -0.508593776532 -0.126132299265 -0.851717684186
991 0.080549540482 -0.986926355717 -0.139599928077
992 -0.983386111288 0.140253125923 0.115242426192
993 0.452071570097 0.85453692312 -0.255730214357
994 -0.340335193051 -0.80872061254 0.47973214112
995 0.424866052569 0.67951934262 -0.598115624591
996 0.647657461975 -0.548987996615 -0.528348361898
997 -0.877577952354 -0.431050561692 -0.209886518881
998 -0.647039178718 -0.517942403269 0.559531918751
999 -0.295109997333 -0.898262724899 -0.325628878527
1000 0.857557053004 0.062430992763 -0.510586204266
1001 0.130760305259 0.195481302745 0.971951029037
1002 -0.245927262505 0.189004350109 -0.950682458656
1003 -1.0 -0.0 -0.0
1004 -0.0 -1.0 -0.0
1005 -0.639284283565 -0.684092730924 -0.351187614081
1006 -0.0 -0.0 -1.0
1007 0.222869428845 -0.289481380221 0.930875796329
1008 -0.275651633331 -0.868761080304 0.411424795548
1009 -0.515877020091 -0.03804737385 -0.85581732717
1010 -0.213145783826 -0.795426852746 0.567331469925
1011 -0.63221225867 0.688949130501 0.354480966441
1012 0.909463843713 -0.251694078386 0.330946533272
1013 0.0 1.0 0.0
1014 0.337320206946 0.585316405917 -0.737305759472
1015 -0.095993426425 -0.110169929179 -0.989266318434
1016 -0.741288570146 -0.163883563937 -0.650871287769
1017 -0.727985356061 -0.527708648933 -0.437676710828
1018 0.289446075965 -0.869697156189 -0.399809736782
1019 -0.0 -0.0 -1.0
1020 -0.924615140733 0.184052454175 0.333483936103
1021 0.16758363262 -0.739157803653 0.652350724209
1022 -0.84444326106 0.409009762077 0.345870775546
1023 -0.294509193818 -0.904694237234 -0.307884185809
1024 0.751404503966 0.488525550687 -0.443547131368
1025 -1.0 -0.0 -0.0
1026 -0.0 -1.0 -0.0
1027 -0.550225205933 -0.780399078808 -0.297034510708
1028 -0.75340849914 0.392818868707 0.527322453354
1029 -0.31408765605 -0.086695406639 0.945427337654
1030 -0.524303025454 0.037328028508 -0.850713204192
1031 -0.529836646252 0.417777693374 -0.738061601228
1032 1.0 0.0 0.0
1033 -0.0 -1.0 -0.0
1034 -0.618791486946 -0.748964818415 -0.236957372662
1035 -0.646026717818 0.053305407671 0.761451254762
1036 0.531518278866 0.68626246495 0.496520038299
1037 -0.564501126198 0.738176530726 0.369369581865
1038 0.353346102083 -0.210266425927 -0.911556121295
1039 -0.238939078093 -0.174216457474 -0.955278358859
1040 -0.193531996416 0.793029955394 -0.577623455385
1041 0.510748704148 -0.172411939457 -0.842264735308
1042 0.873332258824 -0.093577373556 -0.478052341125
1043 0.960566227913 -0.0435514817 -0.274619355171
1044 0.141744481385 -0.043429043491 -0.988950160614
1045 -0.285765122026 0.698257397655 0.656334443446
1046 -0.735479913452 0.413353478325 -0.536850257394
1047 -0.630871821927 -0.77353367229 0.060385446359
1048 -0.87246451419 0.099376706422 0.47846623883
1049 -0.491864085927 -0.466322658814 0.735263829419
1050 -0.81279326036 0.186347024565 -0.551943749262
1051 -0.864156776089 -0.502397211165 0.028811604479
1052 0.291660877923 0.065544275824 -0.954273482916
1053 0.354538809531 0.931761557004 -0.078247258262
1054 0.370185225813 0.536480490292 0.758387488113
1055 0.129507803107 -0.991187140606 0.027852849601
1056 0.0 1.0 0.0
1057 0.623758945384 -0.391584530207 0.676451279662
1058 0.380143730497 -0.207714517844 0.901302071029
1059 0.381174146255 0.374618826256 0.845202345738
1060 0.77435033752 -0.50790624073 0.377376212035
1061 0.905163805905 0.377965856507 0.194474409098
1062 -0.319953749401 0.850120621304 0.418239796622
1063 0.872381644563 0.291794547681 -0.392181346029
1064 -0.86682234086 -0.49777557423 0.028956986828
1065 0.310491301304 -0.54381929428 -0.779651028976
1066 -1.0 -0.0 -0.0
1067 -0.467892879059 -0.706297062121 0.53124449528
1068 0.840721267838 0.338430949566 -0.422672736501
1069 -0.53469559525 -0.350329022339 0.769005979513
1070 -0.194638462695 0.895830385294 0.399504430043
1071 -0.754087322927 -0.538266398095 -0.376326446165
1072 -0.009272009992 0.659133736887 -0.751968580944
1073 -0.315153782092 -0.944866989391 -0.088907063794
1074 0.132190805924 -0.903845513972 -0.406926132979
1075 -0.609796745927 -0.515991591188 -0.60158175378
1076 0.209562773488 0.94235565715 0.260862529706
1077 0.529520262531 -0.82900777033 0.179873311813
1078 -0.00753445455 0.659445169554 -0.751714906296
1079 -0.096153586818 -0.008442041103 0.995330708701
1080 -0.153172698516 0.969954876337 -0.189012333721
1081 0.980031323453 0.193165875408 -0.047175731363
1082 0.666638147665 0.48911045359 -0.562462927015
1083 -0.0 -0.0 -1.0
1084 -0.632221247676 0.309691509289 0.710202409923
1085 0.838710416784 -0.509096299957 0.193354064213
1086 0.737763685144 -0.650843287831 0.179186382205
1087 -0.733010438595 -0.661560637349 -0.158218899067
1088 -0.287586385159 -0.937369025907 -0.196553759419
1089 0.019779804198 0.997881687733 -0.061974967788
1090 0.600181717171 0.773722862528 -0.202817253641
1091 0.270028048272 0.596159418145 -0.756094439408
1092 -0.0 -1.0 -0.0
1093 -0.980411574067 -0.139005266766 -0.139537382973
1094 -0.418254781969 -0.025099890934 -0.907982892369
1095 -0.014704353014 0.898923020312 0.437859778416
1096 -1.0 -0.0 -0.0
1097 0.544949633105 -0.165406916073 -0.821991757558
1098 -0.364278823371 -0.910633571185 -0.195057524525
1099 0.52169129318 0.776815351968 -0.352698318066
1100 -0.056035679161 -0.752011733217 0.656763546313
1101 0.240823233636 -0.567310696778 0.787504122822
1102 0.0 1.0 0.0
1103 0.791544760432 -0.524788961261 0.313134856527
1104 -0.980557766942 0.179743128245 -0.078732925372
1105 -0.215951728877 -0.694796553193 0.686019387821
1106 -0.691958156446 0.09545745823 -0.715598898403
1107 -0.161897908892 -0.216742539049 -0.96271062052
1108 -0.106658532307 -0.31096109686 -0.944418950321
1109 0.511856867991 -0.543309484781 -0.665445227226
1110 -0.980971095225 -0.113072099907 -0.157830322042
1111 -0.0 -1.0 -0.0
1112 -0.963215750156 -0.205930081387 -0.172650572636
1113 0.465328124239 -0.584482385884 0.664718043522
1114 -0.469641556561 0.655636410463 0.591250966703
1115 -0.005422652804 -0.123339627966 0.992349701975
1116 -0.0 -1.0 -0.0
1117 -0.0 -0.0 -1.0
1118 -0.544850447187 0.769312366982 -0.333611259116
1119 0.93223842111 -0.271549069129 0.239149805061
1120 0.859648343914 0.052854847984 -0.508144752852
1121 0.249064014899 0.653309970884 -0.714949787345
1122 -0.798177912408 -0.332720511918 0.502204222496
1123 -0.309235077404 -0.252881133047 -0.916746856799
1124 -0.585110372832 0.810295650599 0.032662060924
1125 -0.623385769049 0.066758707465 -0.779059341722
1126 0.127728108865 -0.406180428482 -0.90482207628
1127 -0.01265341232 0.982593677908 0.185336330202
1128 0.137672506855 0.456857986907 -0.8788214043
1129 0.827434948838 0.307607994143 -0.469817759754
1130 -1.0 -0.0 -0.0
1131 0.536324523504 -0.744998265614 0.396652984005
1132 -0.397891095758 -0.9092989705 0.121893634634
1133 -1.0 -0.0 -0.0
1134 -0.187747733659 -0.859244859404 -0.475866641081
1135 -0.777543193996 -0.227006551994 -0.586425278123
1136 -0.687381257559 0.357364132784 0.632295724606
1137 0.91627860826 -0.391523693637 0.084514551207
1138 -0.235189295882 -0.088448649091 0.967916748267
1139 -0.721814884246 0.663148775389 0.198032761383
1140 -0.0 -0.0 -1.0
1141 -0.514731243478 0.801103791136 0.305425052697
1142 -0.812242865067 -0.579637805833 -0.065433494455
1143 -0.992073316751 0.096669014228 -0.080284717587
1144 -0.917082603031 -0.357599480078 0.176301194167
1145 1.0 0.0 0.0
1146 0.617941831365 0.778407606688 -0.110587028622
1147 -0.008177936701 0.901778577358 0.432120953866
1148 0.306018648224 0.666915552327 -0.679394018964
1149 0.261173339455 0.219142249067 0.94008784772
1150 0.746651727863 -0.640590540345 -0.179318032835
1151 1.0 0.0 0.0
1152 -0.0 -0.0 -1.0
1153 -0.286097247458 -0.947167077612 -0.144992731145
1154 -0.0 -1.0 -0.0
1155 0.0 0.0 1.0
1156 0.525832782529 0.370537426898 0.765638230553
1157 -0.515981340697 0.739207466258 -0.432822801942
1158 -0.977946562584 0.002904444907 0.208835066332
1159 -0.532659008954 -0.756009358093 -0.380426380073
1160 0.098476812224 -0.312115644693 -0.944926527193
1161 -0.563411590158 0.803255023681 -0.193258239169
1162 -0.18114802622 0.827101687369 -0.532060326794
1163 0.779759162971 -0.271105079939 -0.564338270361
1164 0.0 0.0 1.0
1165 -0.796446014097 0.17614649123 0.578486093399
1166 0.054364162958 -0.116431084084 0.991709806569
1167 0.03388513128 0.9867552109 0.158637800158
1168 -0.230540944637 0.357240976634 0.905113118599
1169 -0.224024165946 -0.834315510462 0.503716986089
1170 0.767078924346 -0.307186397491 -0.563228586828
1171 0.464476434468 0.775787553686 0.42710105756
1172 -0.0 -0.0 -1.0
1173 -0.581620263992 0.256481556614 0.771968315173
1174 0.329732854207 -0.797246642115 -0.50564220205
1175 0.346519597741 0.937942336894 -0.013723740117
1176 -0.077981910921 0.29817929753 -0.951319046426
1177 -0.887678244459 0.403085527148 -0.222596927468
1178 0.496680731575 0.646134603064 -0.579498339605
1179 -0.281807955171 0.852849758712 -0.439581125013
1180 0.688100135118 -0.134330481224 0.713073296278
1181 0.806783122636 -0.421458456328 0.414093905556
1182 -0.2912656019 0.740737935131 0.605369028451
1183 -0.77299928337 0.431160889305 -0.465373393571
1184 -0.634379875527 -0.760512821609 0.138500619833
1185 -0.104565842007 0.483384663402 0.869140524814
1186 -0.733761014665 -0.647940298916 -0.204372557842
1187 -0.776314941344 0.177200497627 -0.604925694187
1188 -0.864145749381 -0.49343342581 0.098871523299
1189 -0.0 -0.0 -1.0
1190 0.70370954177 0.710205246019 -0.020034703632
1191 0.363394028693 -0.030402460782 0.931139339889
1192 0.050060526938 0.154180163757 0.986773743442
1193 0.979096864862 0.162850078223 -0.12185721661
1194 0.282112439034 0.910538656983 0.302211723602
1195 -0.658475360177 0.73842132077 -0.145410292179
1196 0.0 1.0 0.0
1197 -0.0 -0.0 -1.0
1198 0.672716853562 -0.674755255004 0.303574341435
1199 0.133365655327 0.987787333989 -0.08055920053
1200 -0.880290574551 -0.356936257792 -0.312546016181
1201 0.946132861283 0.189314737405 -0.262664308579
1202 0.990396809216 0.115982405135 -0.07524787036
1203 0.224611497081 0.046500677883 -0.973338256895
1204 -0.408212287871 0.169825699432 -0.896951481321
1205 0.576246182479 0.621083145241 -0.531221294637
1206 -0.375183064348 -0.574052733451 0.727805693468
1207 -0.229946226097 0.575884489386 0.784526473734
1208 -0.997854761749 -0.039436707055 0.052255340319
1209 0.173850041745 0.066208827967 0.982543919672
1210 0.240342572265 0.844160104427 -0.479196375248
1211 0.05935305639 -0.945048202372 0.321498226886
1212 -1.0 -0.0 -0.0
1213 -0.038038246171 0.957573278871 -0.285668527177
1214 0.396813101351 -0.323986652485 0.858820127622
1215 0.737069191266 -0.499659678609 -0.455048582965
1216 0.367010546748 -0.66071334049 0.654798549383
1217 0.0 1.0 0.0
1218 0.073267054698 0.99486867788 0.06977286341
1219 -0.001741390389 -0.816668409974 -0.577104562199
1220 -0.734334609798 -0.07157159055 0.675003843159
1221 0.431688287353 0.87517645453 -0.218429384464
1222 0.775584027741 -0.473581554538 -0.417360667905
1223 0.301105350315 0.261356535297 0.91707596712
1224 0.472096118012 0.222982042341 0.852879982267
1225 0.718482868634 -0.634408333534 0.285146337557
1226 0.930701910182 0.008233435215 0.365685882868
1227 -0.0 -1.0 -0.0
1228 -0.463954808874 -0.21353578295 -0.859737404516
1229 0.864280548659 0.293714758573 0.40835128726
1230 0.157238052554 0.920821838685 0.356880002563
1231 0.36321349137 0.354160523128 -0.861769275122
1232 0.0 1.0 0.0
1233 0.202148168288 -0.269591094023 -0.941518327002
1234 0.98008477491 0.19062640577 0.055636385694
1235 0.380930389512 0.306200169284 0.872429650274
1236 0.893512326134 -0.233038338434 -0.38383441204
1237 -0.316609250972 -0.94090481553 -0.120236060782
1238 0.668881719142 -0.026506671347 0.742896118021
1239 0.469933979213 -0.211363855074 0.85702238941
1240 -0.0 -1.0 -0.0
1241 -0.0 -0.0 -1.0
1242 -0.912244433112 0.344392767719 0.22181910603
1243 -0.125553483776 -0.738697092169 0.66224083892
1244 -0.442634180702 -0.187662704964 -0.876845306334
1245 0.374506777415 0.924687620535 0.068538150685
1246 -0.536280144818 0.78795765868 0.302533195538
1247 0.230565334347 0.935094016254 -0.269144584494
1248 0.897335019636 0.427867975082 -0.108253676307
1249 -0.22559769248 -0.689301491363 -0.688454163436
1250 -0.911568959775 -0.036208541376 0.409549719945
1251 -0.758260939188 -0.078705073322 0.647183018577
1252 0.429678570511 -0.89310904873 0.133163632876
1253 0.861789706827 -0.484802221692 -0.149282641488
1254 0.363920553578 -0.785371052491 0.500753572721
1255 0.417028564054 0.881749977117 0.220463499512
1256 -0.904709650439 -0.120004186151 -0.408777988288
1257 -0.794654818383 -0.465230674419 0.389979665112
1258 -0.14052933651 0.899486331082 -0.41373402782
1259 0.247699861568 0.111355066803 -0.962416140594
1260 -0.355848314378 0.237733173626 0.903800262952
1261 0.149347572405 0.823552222698 0.54722667982
1262 -0.0 -0.0 -1.0
1263 0.464894695385 -0.871547516345 -0.155813506973
1264 -0.153175793915 -0.987992617573 -0.020193161701
1265 0.896547071325 0.390420497993 -0.209225198399
1266 0.947274898081 0.24163430223 0.210435575535
1267 -0.140072024878 0.046202378823 0.989062772547
1268 -0.846801798611 0.527229003955 -0.070400932225
1269 -0.414771855366 0.132481570019 -0.900229382769
1270 -0.149634222416 -0.368650201607 -0.917445708659
1271 0.267113630366 -0.863453499766 -0.427899944162
1272 -0.748510531794 0.662922008324 0.016321601436
1273 0.799743964382 0.131707378014 -0.585715594817
1274 -1.0 -0.0 -0.0
1275 -0.720377740031 0.670541161499 -0.177286385274
1276 -0.522388864993 -0.523902112456 -0.672782617415
1277 0.0 0.0 1.0
1278 -0.627821750223 -0.075390048509 -0.774697483236
1279 -0.44709648452 -0.721899364324 -0.52817235948
1280 0.782289197703 -0.484910687759 0.391005416912
1281 -0.515315729211 0.855481494025 -0.051001104005
1282 0.513743726281 0.000766821105 -0.857943352263
1283 -0.535952077815 -0.772247893485 -0.341157678052
1284 -0.655409021125 -0.710228715464 0.256932261031
1285 1.0 0.0 0.0
1286 0.0 0.0 1.0
1287 0.691565397549 0.57338555088 -0.439279308589
1288 0.702157892271 -0.463674231378 0.540352201326
1289 0.634549574386 0.569263278367 0.522767785492
1290 -0.434684779794 0.115233956032 0.893179868555
1291 1.0 0.0 0.0
1292 -0.0 -1.0 -0.0
1293 -0.0 -0.0 -1.0
1294 -0.247111803011 0.968064661871 0.042267803929
1295 -0.557285402448 0.340896362983 0.757114687431
1296 0.065420844952 0.531842730134 0.844312396835
1297 0.074933426558 -0.088364956611 -0.993265632159
1298 -0.63727739699 -0.412061306146 0.651216553278
1299 -0.418668672234 -0.502062523716 -0.75673625866
1300 -0.871826371981 -0.489576270503 0.015292235902
1301 -0.799710022177 -0.079870337052 0.595050090067
1302 0.547539652988 -0.78652580772 -0.285617720381
1303 -0.500155368835 0.800927513386 0.329180384178
1304 0.227645951988 -0.971783881023 0.061752806639
1305 0.815942143821 -0.56516488684 0.121766451131
1306 -1.0 -0.0 -0.0
1307 -0.510172661618 0.779609706767 -0.36322522001
1308 -0.082082541844 -0.818659928478 -0.568382246229
1309 0.633867426298 -0.208046571552 0.744935372998
1310 -0.296265345288 0.464429744682 -0.834584841365
1311 -0.210142937204 0.439119946531 0.873506507418
1312 0.212667096872 0.264619383611 -0.940611124602
1313 -0.560892796149 -0.02933794597 0.827368452477
1314 0.841673663817 0.094307233015 -0.531687492271
1315 0.02708758182 -0.169487402879 -0.985160029222
1316 -0.544843246891 0.791926656593 0.275677360141
1317 -0.863415360615 0.427533087229 -0.267823401476
1318 0.15511895163 0.901035697483 -0.405058986699
1319 0.915460501016 0.400729049206 0.036719207545
1320 -0.59736177854 0.039950663871 0.800976185661
1321 -0.681565824759 -0.549049273032 -0.483748821501
1322 -0.298024176563 -0.179569458269 0.937516079777
1323 -0.570785034524 0.364406928791 -0.735807063443
1324 -0.577569657587 0.778534869911 0.245553959378
1325 -0.296466496575 -0.606283943884 -0.737920995633
1326 0.028428122182 0.950672040458 0.308892397706
1327 -0.596122409331 0.799361893908 -0.075223903526
1328 0.0 0.0 1.0
1329 0.312077875993 -0.945344907589 0.094500820158
1330 0.974684998309 0.180092457161 0.132498531858
1331 0.95661631594 -0.21403093573 0.197676459468
1332 -0.488072155876 -0.866736074092 -0.102733385648
1333 0.157785546216 -0.043557973006 0.986512252531
1334 -0.337287120581 -0.690300115735 -0.64009620254
1335 -0.429019341852 -0.879763921045 0.204836148041
1336 0.642251714564 0.600464693106 0.476397824799
1337 0.555661288209 0.796021206947 -0.239980771889
1338 -0.826358768398 0.485015452616 -0.286166379254
1339 0.11288140729 0.257646343378 -0.959622920543
1340 -0.834838139793 0.133184941587 0.534141415433
1341 -1.0 -0.0 -0.0
1342 0.0 1.0 0.0
1343 0.76802555785 0.520554605165 -0.373041077537
1344 1.0 0.0 0.0
1345 -0.0 -1.0 -0.0
1346 -0.236912894049 -0.970350820591 -0.047870299893
1347 -0.269179828146 -0.412264045501 -0.870391048268
1348 -0.275708095009 -0.771009884298 0.574045995249
1349 0.682470410397 -0.342436410575 0.645733260446
1350 0.992951573712 -0.053948228784 0.10553085271
1351 0.441633965872 0.694185590525 0.568388780761
1352 0.252356648499 -0.212370010337 -0.94404189561
1353 1.0 0.0 0.0
1354 0.0 1.0 0.0
1355 0.0 0.0 1.0
1356 -0.460705499015 -0.013578056679 0.887449198295
1357 -0.639402185255 -0.040493457096 0.767805395542
1358 -0.489711496267 0.151525790873 -0.858616669489
1359 0.133441580571 0.599862184335 0.78889714436
1360 0.824541657395 0.560807355187 -0.075007770185
1361 0.14023495208 0.115365334403 -0.983374291831
1362 -0.560950603006 0.637623118393 0.527987859593
1363 0.659249317501 0.246737247908 -0.710289425424
1364 -0.334072873337 -0.797985999852 0.501611063813
1365 -0.921902046468 0.382964787138 0.058605362645
1366 -0.859343433464 0.408277998306 -0.307957691025
1367 0.416637390447 -0.6682502864 -0.616323648425
1368 0.400681511828 0.565191806505 0.721118955471
1369 0.41382292578 -0.901675595404 0.125426100758
1370 -0.782273202179 0.386945732057 -0.488181971805
1371 0.822261917919 0.008547108439 0.569045064364
1372 -0.008492639602 0.998063324797 0.061623654288
1373 0.56499689841 -0.363541711315 0.740686120378
1374 0.618683900692 -0.02060478544 -0.785369768862
1375 0.848543554786 -0.27509162667 -0.451993841294
1376 1.0 0.0 0.0
1377 -0.0 -0.0 -1.0
1378 -0.208199646516 -0.085403687227 -0.974350613177
1379 0.316828124893 -0.185248774113 -0.930216550576
1380 1.0 0.0 0.0
1381 -0.0 -0.0 -1.0
1382 -0.26694424999 0.123155902886 -0.955810332117
1383 0.440641477436 0.356907370961 -0.82368210914
1384 -0.512314339201 0.541547788973 0.666528326561
1385 0.210826682076 -0.580173145359 -0.786734536886
1386 -0.0 -1.0 -0.0
1387 0.0 0.0 1.0
1388 0.393344442227 -0.910794681641 -0.125432044009
1389 0.491595549973 0.456698718658 0.74145808757
1390 0.17810224829 0.968342253916 0.174908171433
1391 0.299227432348 0.774673800625 -0.557084774838
1392 -0.924306414765 -0.084616118416 -0.372152877361
1393 0.074171090497 0.618538237968 -0.782246187275
1394 0.824619399364 0.263366603138 -0.500640468344
1395 0.036385625068 -0.235183827594 -0.971269609082
1396 0.403130966796 0.530223925265 0.745887399469
1397 -0.253411529165 -0.938830006047 0.233196948164
1398 0.146297276657 -0.566152938213 0.811213878947
1399 0.291676188681 -0.186304598093 0.93819805888
1400 -0.664215716931 0.363634407475 -0.653136661873
1401 -0.500464374829 -0.443178853587 -0.743725697593
1402 -0.96994928223 0.013291495079 -0.242943874302
1403 -0.154271873674 -0.955634494557 0.250924095708
1404 0.888776187183 0.439006160516 -0.131721221242
1405 -0.71936316053 0.471399952407 0.510194794313
1406 0.0 1.0 0.0
1407 -0.594707056636 -0.637840292592 0.489370287138
1408 0.69197301286 0.696393773758 -0.190286787101
1409 0.642069731006 0.562617655895 -0.520776183981
1410 0.87753363255 -0.151345792137 0.45500458783
1411 -0.014233006527 -0.139353724798 -0.990140374346
1412 0.0 1.0 0.0
1413 -0.671220949952 0.382219406408 -0.63511476263
1414 -0.496497981757 0.393361855908 0.773793386136
1415 0.871924672234 -0.224980931001 -0.434891879248
1416 0.764776484238 -0.393925570418 -0.509842695473
1417 -0.472985489105 0.308658081974 -0.825236278606
1418 0.850739170276 -0.444107978702 -0.281088895923
1419 0.22946502934 -0.75573229172 -0.6133632721
1420 -0.2656410829 0.119744630996 -0.956606522256
1421 0.154832177507 0.79236725693 -0.59006874765
1422 0.549288863658 0.481921217513 0.682666598255
1423 -0.547633655387 -0.701499414444 0.456065731033
1424 1.0 0.0 0.0
1425 0.02123907372 -0.120904771707 -0.992436868484
1426 0.981616207578 -0.188976153823 0.026788697356
1427 -0.413493737412 0.382467509824 0.826281751614
1428 0.663865763894 0.393842105372 0.635744165184
1429 0.962295719537 0.084085057131 -0.258682530003
1430 -0.108021663559 -0.979767533995 0.16848412249
1431 0.787756396177 0.176804730591 -0.590067748249
1432 1.0 0.0 0.0
1433 -0.78246022192 -0.587255348528 -0.207092145524
1434 -0.608554584185 0.161983053021 -0.776802940649
1435 -0.174886065746 0.046996625059 -0.983466410835
1436 0.83131766016 -0.479707549951 -0.28069844037
1437 0.333137073513 -0.403190389809 0.852324585951
1438 -0.146932427667 -0.967685937038 -0.204926301286
1439 0.56446301462 -0.756344164357 0.330643327726
1440 -0.0 -1.0 -0.0
1441 -0.0 -0.0 -1.0
1442 1.0 0.0 0.0
1443 -0.709286124042 0.240815464795 0.662511212099
1444 0.583248820803 -0.117381308975 0.803767653825
1445 -0.063583077766 -0.947178191725 0.314341637939
1446 0.96075289973 0.02085965412 0.276620209838
1447 -0.365527480045 -0.479967472481 -0.797509176557
1448 0.0 1.0 0.0
1449 0.27797801216 0.76009102508 -0.587358373013
1450 0.655047074121 0.7283735007 0.200961126001
1451 0.190657056304 -0.406270074727 0.893641154638
1452 -0.986221014238 -0.156808765692 0.052717379282
1453 -0.014862911569 0.660171839582 0.750967533308
1454 -0.303228433108 0.84993619817 0.430883947712
1455 -0.718721601516 -0.694346256894 0.036366675011
1456 -0.0 -0.0 -1.0
1457 0.880372033713 -0.263787262191 -0.39415905744
1458 0.259413106421 0.843207689615 -0.470856275727
1459 -0.615291739271 0.687780026093 0.385194381179
1460 0.05013087245 -0.995733632808 -0.077468884871
1461 1.0 0.0 0.0
1462 0.227946482377 0.403292528131 -0.886225444188
1463 0.148632861498 -0.187192884839 0.97101343778
1464 -0.760114823864 -0.072584078286 -0.645722081178
1465 -0.947914585428 -0.299351761317 -0.10884145226
1466 0.377915711802 -0.914695488122 0.143219687136
1467 0.697102980698 0.336830359515 0.632923963214
1468 0.198026410402 -0.979924693682 -0.023089727076
1469 0.113716432744 0.909547805008 0.399739119088
1470 0.746369305419 -0.660223921358 0.083888220834
1471 1.0 0.0 0.0
1472 -0.0 -1.0 -0.0
1473 0.845248101286 0.166092186554 0.507906519784
1474 0.077588062557 -0.593761068212 -0.800891931801
1475 0.363738092732 -0.824674943009 0.433134896157
1476 -0.0 -0.0 -1.0
1477 -0.673412398648 -0.728144891118 -0.127752725553
1478 0.472207971843 -0.769768641437 -0.429506542428
1479 0.399807009056 0.127997268644 0.907618341997
1480 -0.429254968741 -0.82801814295 0.360729991486
1481 0.281280626135 0.014255243369 -0.959519670146
1482 0.906441811489 -0.421046618227 -0.032908777927
1483 0.843254207907 -0.410070113768 0.347512363292
1484 0.397564911147 -0.845485320572 -0.356506260986
1485 -0.782228722438 -0.173306415645 0.598400461304
1486 1.0 0.0 0.0
1487 -0.236665667669 0.95875313624 0.157422315752
1488 -0.499764030196 0.847348329779 0.179545877543
1489 0.103051694534 0.958723246355 0.265009594454
1490 -0.009285893668 -0.872892039321 0.487825029974
1491 -0.261466639328 0.311029323368 -0.913726412294
1492 -1.0 -0.0 -0.0
1493 0.0 1.0 0.0
1494 -0.495939246386 0.650241988635 -0.575525516472
1495 -0.613834064937 -0.078509072895 -0.785521524973
1496 -0.241839421169 0.203154246969 -0.94881085908
1497 0.0 1.0 0.0
1498 0.285269748561 -0.343726381449 0.894691759911
1499 0.346385801147 0.933073184494 -0.096908767108
1500 -0.0 -0.0 -1.0
1501 0.786108646679 -0.570072653618 -0.238852182771
1502 -0.48799828432 -0.872226490587 -0.032842405812
1503 -0.631594679882 -0.317034358342 0.707514929861
1504 0.037170223938 -0.550799710942 -0.833809362432
1505 -0.689423070631 -0.198069642495 0.696752643628
1506 -0.504545340695 0.816935966608 -0.279373630906
1507 0.231350593434 0.658587095662 -0.716058615161
1508 -0.145102097873 -0.960365207646 0.238000103227
1509 0.45924049158 -0.592499383244 -0.661847906809
1510 -0.72899120643 -0.151140336542 -0.66762895355
1511 0.0 1.0 0.0
1512 0.100032190373 -0.132037588092 -0.986184382466
1513 -0.529068083001 -0.386183424821 0.755611888434
1514 0.179055866422 -0.982308545698 0.054853602874
1515 0.0 0.0 1.0
1516 -0.813306054606 -0.550501624876 -0.188364600046
1517 -0.790977747081 -0.611815142767 0.006036116613
1518 0.946599592228 0.268051695271 0.179157753549
1519 -0.528408946148 -0.350689413105 -0.773175866906
1520 -0.0 -1.0 -0.0
1521 -0.0 -0.0 -1.0
1522 0.310530539645 -0.400654428173 -0.862001631746
1523 0.710426808304 0.305678887008 -0.633919685829
1524 -1.0 -0.0 -0.0
1525 0.0 0.0 1.0
1526 -0.109501951625 0.331069353798 -0.937231244446
1527 0.525905408597 0.803580920475 -0.278713482732
1528 -0.00455147713 -0.95163858874 -0.307186068169
1529 0.547210667818 -0.82098684498 -0.162914349876
1530 0.95966080226 0.277764143171 0.043568628335
1531 -0.516337992835 -0.624321421411 0.58618925265
1532 -0.471540233424 -0.821876508374 -0.319638566579
1533 1.0 0.0 0.0
1534 0.31136124812 -0.060191182511 0.948383463962
1535 -0.960678698842 0.031442100121 -0.275876479482
1536 -0.655644852478 -0.588693961064 0.472831098413
1537 -1.0 -0.0 -0.0
1538 -0.0 -0.0 -1.0
1539 -0.364699307815 -0.454405235302 -0.812717845879
1540 -0.0 -0.0 -1.0
1541 0.210713986013 0.962730982706 -0.169554330631
1542 -0.0 -1.0 -0.0
1543 -0.508318770814 -0.405799875087 0.759564670464
1544 0.641539069009 -0.706753204764 -0.298207193896
1545 0.0 0.0 1.0
1546 0.281060658938 0.906135470471 0.316106651545
1547 0.976107803884 -0.191706944635 -0.102283931166
1548 -0.653052729733 0.581921448985 -0.484654061574
1549 -1.0 -0.0 -0.0
1550 -0.0 -1.0 -0.0
1551 0.91890339097 -0.364252381713 -0.151448870845
1552 0.144272456001 -0.114952632424 -0.982838415376
1553 0.870532077845 0.471825759774 0.139836883036
1554 0.365340408556 -0.649845740793 0.66650348765
1555 -0.086951774606 -0.251585578328 -0.96392120304
1556 -0.007503484003 0.677256609808 -0.735708625883
1557 -0.031325181633 -0.620528012297 0.783558369842
1558 -0.479187873556 0.785049707535 0.392525080136
1559 -0.278680385831 0.317266627001 0.906465184077
1560 0.539914525308 0.255294689733 -0.802070400124
1561 0.0 1.0 0.0
1562 0.0 0.0 1.0
1563 -0.937223887841 0.191121100734 0.291691804675
1564 0.84114621208 -0.108256327103 0.529861885349
1565 -0.276956986619 -0.541179440811 -0.793989697922
1566 -0.32718136686 0.891372187393 -0.313700457
1567 0.465306478356 0.682495805381 0.563639385456
1568 -1.0 -0.0 -0.0
1569 0.0 0.0 1.0
1570 -0.844605278624 0.452569647713 -0.286046564898
1571 -0.781608339342 -0.430981326554 -0.450936248302
1572 0.229671252624 -0.209589127695 0.950433329208
1573 -0.378491057721 0.211645902834 0.901082976778
1574 -0.026689088376 0.667773791014 0.743885647527
1575 -1.0 -0.0 -0.0
1576 0.0 1.0 0.0
1577 0.0 0.0 1.0
1578 0.087522142778 -0.378642661397 -0.921395468566
1579 -0.0 -0.0 -1.0
1580 0.304995312842 -0.25836482304 0.916638138722
1581 -0.674138584883 -0.682131672011 -0.283255274287
1582 1.0 0.0 0.0
1583 0.935452691829 0.310293134413 0.16925256892
1584 1.0 0.0 0.0
1585 -0.0 -0.0 -1.0
1586 0.112536790616 0.868042407062 -0.483567834228
1587 -0.94239318696 -0.004379443048 0.334478551854
1588 0.736037488606 -0.534179239358 0.415814087791
1589 -0.034374091506 0.351391324633 -0.93559743416
1590 0.607750426817 0.789880023883 -0.082030278398
1591 -0.15794365355 -0.117805521959 0.980395665688
1592 0.839866458692 -0.479075459631 0.255168641378
1593 -0.514451128509 0.857145815086 -0.025319716765
1594 0.0 0.0 1.0
1595 -0.651362706989 -0.741253955595 -0.162077750656
1596 0.764107607464 -0.499153760691 0.408638088538
1597 0.480837830957 -0.854955731592 0.194539654924
1598 -1.0 -0.0 -0.0
1599 0.0 1.0 0.0
1600 -0.0 -0.0 -1.0
1601 0.218794146461 0.912871506175 -0.344666120599
1602 0.0 1.0 0.0
1603 0.0 0.0 1.0
1604 -0.424915074637 -0.510667240067 -0.747439729522
1605 -0.200636838643 0.905742990686 -0.373328935126
1606 1.0 0.0 0.0
1607 -0.957410161333 0.210622475249 0.197494192055
1608 -0.0 -1.0 -0.0
1609 -0.575401339543 -0.698600299323 -0.425289219517
1610 0.579820529163 0.478136441018 -0.659692123442
1611 -0.489168269096 0.514634166958 -0.70417759032
1612 0.748706680689 0.561292645407 -0.352688066859
1613 -0.52178463835 -0.851567547074 0.050729714693
1614 -0.807497834594 0.543296820766 0.229729866739
1615 -0.692515115925 0.697128300746 0.185566555484
1616 -0.241775729212 0.136275596039 -0.960715076746
1617 0.704121889571 -0.229780598874 0.671872935166
1618 0.050404884614 0.970651526872 -0.235148806052
1619 0.395367611584 -0.357537484017 -0.846080019403
1620 -0.528221365855 0.540796565924 -0.654615354952
1621 -0.802336028554 -0.589864092034 -0.0911989595
1622 1.0 0.0 0.0
1623 0.873627320642 -0.231633906496 -0.427926439927
1624 0.033360155641 0.822525372146 -0.567749163092
1625 -0.249104710319 -0.369751199313 0.895115017137
1626 -0.0 -1.0 -0.0
1627 0.0 0.0 1.0
1628 0.973617815924 0.155864598763 0.166657059158
1629 0.933465216075 -0.353775394055 0.059039486267
1630 -0.69314592869 -0.69759671955 0.18140435059
1631 0.515651939347 0.831376842225 0.207160864208
1632 0.055228156629 0.810750518182 -0.582780788962
1633 0.494470708261 -0.707163093752 -0.505390025135
1634 0.437140946075 0.826467630315 0.354766189632
1635 1.0 0.0 0.0
1636 0.0 1.0 0.0
1637 0.95336535165 0.100524278924 -0.284586323669
1638 -0.983257277435 -0.129136662376 -0.128564570555
1639 -0.07230656928 -0.437054362308 -0.896523978723
1640 0.10915403615 -0.16506977457 0.980223120476
1641 -1.0 -0.0 -0.0
1642 0.52181499153 0.086059710509 0.84870656934
1643 -0.178342593769 0.947723853548 -0.264600485003
1644 -0.486257492416 -0.827097962898 0.281891132955
1645 -0.598588654347 0.055272651811 -0.799147393695
1646 0.280707612672 -0.03231939182 -0.959249025593
1647 -0.224283798418 0.567844969921 -0.791990446851
1648 -0.461849062114 -0.566030128985 0.682865533546
1649 -0.268455292911 0.93891748372 0.215326994298
1650 0.0 0.0 1.0
1651 -0.756941155072 0.25777394155 -0.600493699231
1652 -0.533302653511 -0.839199129905 -0.106457034174
1653 -1.0 -0.0 -0.0
1654 0.216227730583 -0.96787153461 -0.128336514751
1655 -0.153804753675 -0.646154347961 0.747548430778
1656 -0.138898371481 -0.580865068379 -0.80206172751
1657 -0.326119521992 0.156076777523 -0.932355134535
1658 -1.0 -0.0 -0.0
1659 -0.0 -0.0 -1.0
1660 -0.103464828229 0.375183363494 0.921158223693
1661 -1.0 -0.0 -0.0
1662 0.0 0.0 1.0
1663 0.26689094713 -0.927170528839 0.262914497114
1664 0.480453129702 0.569522121163 -0.666940284932
1665 -0.027217653351 0.999390629959 0.021853331468
1666 0.0 1.0 0.0
1667 -0.588709258397 0.382004789697 0.712385955593
1668 -0.0 -1.0 -0.0
1669 0.0 0.0 1.0
1670 -0.002431829227 0.954635536429 -0.297766819497
1671 -0.0 -1.0 -0.0
1672 0.0 0.0 1.0
1673 -1.0 -0.0 -0.0
1674 -0.732247512006 -0.526253346098 0.432285781493
1675 0.852940075887 -0.177102713869 0.491047712231
1676 0.132138262709 -0.357066883758 -0.924685200515
1677 0.348278234491 0.788253447365 0.507305405153
1678 0.570318009848 -0.736749031872 0.363233026691
1679 -1.0 -0.0 -0.0
1680 -0.0 -1.0 -0.0
1681 0.0 0.0 1.0
1682 -0.077932845925 0.979591593415 0.185274881287
1683 0.285998102138 0.708010371278 0.645698381395
1684 0.766781626765 -0.612651642816 -0.191582622932
1685 0.911931137733 -0.091964850314 -0.399905071661
1686 0.0 0.0 1.0
1687 0.510217978114 0.761574530986 0.399602112811
1688 -0.620002139251 -0.178473426163 0.764031794808
1689 -1.0 -0.0 -0.0
1690 0.365954884441 -0.266412154684 -0.891684690006
1691 -0.453013876421 0.779378563485 0.432836554082
1692 0.0 1.0 0.0
1693 -0.626399381206 -0.568778495697 0.533024237777
1694 -0.276495256828 0.947891344754 0.158279409567
1695 -1.0 -0.0 -0.0
1696 -0.777334452507 -0.184016760327 -0.601572091162
1697 -0.0 -0.0 -1.0
1698 -0.564590862559 -0.818467513648 0.106527400309
1699 0.040949727611 -0.298907584401 0.953403050025
1700 0.0 0.0 1.0
1701 -1.0 -0.0 -0.0
1702 -0.365772179114 -0.703488696185 -0.609355698527
1703 1.0 0.0 0.0
1704 -0.0 -0.0 -1.0
1705 -0.0 -1.0 -0.0
1706 0.445589507081 0.30023278146 0.843392120022
1707 -0.973207060399 -0.19804948122 0.116809334295
1708 -1.0 -0.0 -0.0
1709 0.0 1.0 0.0
1710 -0.710675782468 0.458173374112 0.533869919988
1711 -0.664640267082 -0.611589413536 0.429198910324
1712 -1.0 -0.0 -0.0
1713 0.0 0.0 1.0
1714 -1.0 -0.0 -0.0
1715 0.0 0.0 1.0
1716 0.0 1.0 0.0
1717 -0.0 -1.0 -0.0
