	p	0.02	mu	0	sigm	0.2	bins	30

0.038	0.076	0.114	0.152	0.19	0.228	0.266	0.304	0.342	0.38	
1	1	1	1	2	3	5	5	8	9	
	p	0.1	mu	0	sigm	0.2	bins	30

0.038	0.076	0.114	0.152	0.19	0.228	0.266	0.304	0.342	0.38	
2	5	13	20	22	30	38	43	50	54	
	p	0.3	mu	0	sigm	0.2	bins	30

0.038	0.076	0.114	0.152	0.19	0.228	0.266	0.304	0.342	0.38	
4	18	32	39	52	66	88	104	125	144	
	p	0.02	mu	1	sigm	0.2	bins	30

0.038	0.076	0.114	0.152	0.19	0.228	0.266	0.304	0.342	0.38	
1	2	3	3	3	3	5	5	9	10	
	p	0.1	mu	1	sigm	0.2	bins	30

0.038	0.076	0.114	0.152	0.19	0.228	0.266	0.304	0.342	0.38	
1	7	14	15	20	22	28	35	45	49	
	p	0.3	mu	1	sigm	0.2	bins	30

0.038	0.076	0.114	0.152	0.19	0.228	0.266	0.304	0.342	0.38	
3	23	39	50	61	85	122	135	161	183	
	p	0.02	mu	1	sigm	0.7	bins	30

0.038	0.076	0.114	0.152	0.19	0.228	0.266	0.304	0.342	0.38	
1	1	1	1	1	1	2	4	5	6	
	p	0.1	mu	1	sigm	0.7	bins	30

0.038	0.076	0.114	0.152	0.19	0.228	0.266	0.304	0.342	0.38	
1	4	10	11	16	22	34	42	47	54	
	p	0.3	mu	1	sigm	0.7	bins	30

0.038	0.076	0.114	0.152	0.19	0.228	0.266	0.304	0.342	0.38	
3	19	40	52	63	82	113	122	135	148	
	p	0.02	mu	0	sigm	0.7	bins	30

0.038	0.076	0.114	0.152	0.19	0.228	0.266	0.304	0.342	0.38	
1	1	1	1	1	1	1	1	2	5	
	p	0.1	mu	0	sigm	0.7	bins	30

0.038	0.076	0.114	0.152	0.19	0.228	0.266	0.304	0.342	0.38	
1	9	12	13	17	24	38	45	57	63	
	p	0.3	mu	0	sigm	0.7	bins	30

0.038	0.076	0.114	0.152	0.19	0.228	0.266	0.304	0.342	0.38	
3	18	37	48	57	76	103	118	148	169	
