Powder #	2
0.98114	0.0184648	0.000395674	0	
Powder #	3
0.898925	0.0971227	0.00395201	0	
Powder #	4
0.670298	0.288169	0.0415335	0	
Powder #	5
0.979279	0.0207213	0	0	
Powder #	6
0.897261	0.0991949	0.00354369	0	
Powder #	7
0.671677	0.287021	0.0413015	0	
Powder #	8
0.978912	0.0206977	0.000390523	0	
Powder #	9
0.895689	0.100723	0.00358818	0	
Powder #	10
0.669322	0.288717	0.0419615	0	
Powder #	11
0.977816	0.022053	0.000131268	0	
Powder #	12
0.894711	0.101537	0.00375117	0	
Powder #	13
0.672706	0.285081	0.0422122	0	
