	p	0.02	mu	0	sigm	0.2	bins	30

0.038	0.076	0.114	0.152	0.19	0.228	0.266	0.304	0.342	0.38	
1	1	1	4	10	14	20	24	33	42	
	p	0.1	mu	0	sigm	0.2	bins	30

0.038	0.076	0.114	0.152	0.19	0.228	0.266	0.304	0.342	0.38	
2	2	7	19	40	67	101	151	181	222	
	p	0.3	mu	0	sigm	0.2	bins	30

0.038	0.076	0.114	0.152	0.19	0.228	0.266	0.304	0.342	0.38	
3	14	35	86	161	235	309	428	557	676	
	p	0.02	mu	1	sigm	0.2	bins	30

0.038	0.076	0.114	0.152	0.19	0.228	0.266	0.304	0.342	0.38	
2	4	4	7	10	16	20	27	37	43	
	p	0.1	mu	1	sigm	0.2	bins	30

0.038	0.076	0.114	0.152	0.19	0.228	0.266	0.304	0.342	0.38	
3	4	10	20	36	55	78	121	162	197	
	p	0.3	mu	1	sigm	0.2	bins	30

0.038	0.076	0.114	0.152	0.19	0.228	0.266	0.304	0.342	0.38	
6	17	37	77	139	212	286	396	508	628	
	p	0.02	mu	1	sigm	0.7	bins	30

0.038	0.076	0.114	0.152	0.19	0.228	0.266	0.304	0.342	0.38	
1	2	2	5	6	12	16	23	35	41	
	p	0.1	mu	1	sigm	0.7	bins	30

0.038	0.076	0.114	0.152	0.19	0.228	0.266	0.304	0.342	0.38	
1	3	6	18	44	63	97	132	169	205	
	p	0.3	mu	1	sigm	0.7	bins	30

0.038	0.076	0.114	0.152	0.19	0.228	0.266	0.304	0.342	0.38	
7	21	35	79	133	201	291	401	503	637	
	p	0.02	mu	0	sigm	0.7	bins	30

0.038	0.076	0.114	0.152	0.19	0.228	0.266	0.304	0.342	0.38	
1	1	2	5	8	11	13	22	30	34	
	p	0.1	mu	0	sigm	0.7	bins	30

0.038	0.076	0.114	0.152	0.19	0.228	0.266	0.304	0.342	0.38	
2	8	13	34	56	82	117	154	191	229	
	p	0.3	mu	0	sigm	0.7	bins	30

0.038	0.076	0.114	0.152	0.19	0.228	0.266	0.304	0.342	0.38	
5	15	30	71	134	209	286	406	522	639	
